year,month,day,Daily Rainfall Total (mm)
2000,1,1,15.9
2000,1,2,25.6
2000,1,3,1.8
2000,1,4,1.7
2000,1,5,19.5
2000,1,6,2.6
2000,1,7,0.1
2000,1,8,0.0
2000,1,9,3.1
2000,1,10,1.8
2000,1,11,3.5
2000,1,12,37.0
2000,1,13,6.3
2000,1,14,0.2
2000,1,15,0.0
2000,1,16,15.1
2000,1,17,40.0
2000,1,18,14.7
2000,1,19,9.7
2000,1,20,0.7
2000,1,21,0.0
2000,1,22,0.1
2000,1,23,0.0
2000,1,24,3.0
2000,1,25,10.9
2000,1,26,0.1
2000,1,27,0.0
2000,1,28,0.2
2000,1,29,0.4
2000,1,30,4.1
2000,1,31,6.9
2000,2,1,2.0
2000,2,2,3.7
2000,2,3,0.0
2000,2,4,0.0
2000,2,5,0.0
2000,2,6,0.0
2000,2,7,5.2
2000,2,8,13.4
2000,2,9,0.7
2000,2,10,0.0
2000,2,11,1.5
2000,2,12,0.0
2000,2,13,0.0
2000,2,14,15.4
2000,2,15,0.0
2000,2,16,0.0
2000,2,17,29.6
2000,2,18,0.2
2000,2,19,19.4
2000,2,20,0.0
2000,2,21,0.2
2000,2,22,48.5
2000,2,23,3.3
2000,2,24,2.5
2000,2,25,0.6
2000,2,26,0.0
2000,2,27,30.7
2000,2,28,0.0
2000,2,29,0.0
2000,3,1,0.0
2000,3,2,0.0
2000,3,3,0.0
2000,3,4,0.0
2000,3,5,0.0
2000,3,6,0.0
2000,3,7,0.0
2000,3,8,0.0
2000,3,9,0.0
2000,3,10,0.0
2000,3,11,0.0
2000,3,12,15.8
2000,3,13,0.4
2000,3,14,1.1
2000,3,15,24.3
2000,3,16,0.2
2000,3,17,14.1
2000,3,18,10.2
2000,3,19,5.0
2000,3,20,0.0
2000,3,21,0.0
2000,3,22,1.2
2000,3,23,11.0
2000,3,24,5.3
2000,3,25,3.6
2000,3,26,6.4
2000,3,27,0.0
2000,3,28,34.6
2000,3,29,1.2
2000,3,30,23.7
2000,3,31,0.0
2000,4,1,1.1
2000,4,2,5.4
2000,4,3,9.0
2000,4,4,2.8
2000,4,5,0.0
2000,4,6,12.3
2000,4,7,3.1
2000,4,8,2.4
2000,4,9,1.3
2000,4,10,3.9
2000,4,11,0.3
2000,4,12,0.0
2000,4,13,0.0
2000,4,14,0.0
2000,4,15,3.8
2000,4,16,0.0
2000,4,17,5.7
2000,4,18,1.9
2000,4,19,1.3
2000,4,20,59.7
2000,4,21,12.1
2000,4,22,0.0
2000,4,23,6.1
2000,4,24,0.4
2000,4,25,0.0
2000,4,26,0.1
2000,4,27,34.2
2000,4,28,38.3
2000,4,29,0.0
2000,4,30,0.6
2000,5,1,0.0
2000,5,2,0.0
2000,5,3,8.5
2000,5,4,0.0
2000,5,5,2.0
2000,5,6,0.0
2000,5,7,0.0
2000,5,8,0.0
2000,5,9,0.0
2000,5,10,0.0
2000,5,11,0.0
2000,5,12,0.0
2000,5,13,0.0
2000,5,14,0.0
2000,5,15,2.1
2000,5,16,2.1
2000,5,17,0.0
2000,5,18,11.3
2000,5,19,0.0
2000,5,20,0.0
2000,5,21,0.0
2000,5,22,0.0
2000,5,23,0.0
2000,5,24,1.4
2000,5,25,21.0
2000,5,26,0.0
2000,5,27,7.8
2000,5,28,0.0
2000,5,29,0.0
2000,5,30,0.0
2000,5,31,0.0
2000,6,1,18.8
2000,6,2,8.7
2000,6,3,27.0
2000,6,4,2.7
2000,6,5,6.9
2000,6,6,12.0
2000,6,7,0.2
2000,6,8,0.0
2000,6,9,0.0
2000,6,10,19.9
2000,6,11,53.3
2000,6,12,0.0
2000,6,13,11.2
2000,6,14,2.5
2000,6,15,6.4
2000,6,16,0.0
2000,6,17,33.7
2000,6,18,14.9
2000,6,19,0.0
2000,6,20,0.0
2000,6,21,2.6
2000,6,22,0.0
2000,6,23,4.1
2000,6,24,0.0
2000,6,25,0.0
2000,6,26,0.0
2000,6,27,5.3
2000,6,28,0.0
2000,6,29,0.1
2000,6,30,0.0
2000,7,1,8.7
2000,7,2,0.0
2000,7,3,0.0
2000,7,4,16.2
2000,7,5,0.3
2000,7,6,0.0
2000,7,7,3.7
2000,7,8,0.0
2000,7,9,0.0
2000,7,10,0.0
2000,7,11,0.0
2000,7,12,0.0
2000,7,13,0.0
2000,7,14,0.0
2000,7,15,0.0
2000,7,16,11.9
2000,7,17,0.0
2000,7,18,1.3
2000,7,19,0.0
2000,7,20,0.0
2000,7,21,0.0
2000,7,22,5.7
2000,7,23,65.5
2000,7,24,70.3
2000,7,25,25.9
2000,7,26,0.0
2000,7,27,0.0
2000,7,28,0.0
2000,7,29,14.0
2000,7,30,0.0
2000,7,31,7.8
2000,8,1,1.4
2000,8,2,28.4
2000,8,3,0.1
2000,8,4,1.3
2000,8,5,0.0
2000,8,6,0.0
2000,8,7,0.0
2000,8,8,6.2
2000,8,9,5.7
2000,8,10,0.1
2000,8,11,2.1
2000,8,12,1.5
2000,8,13,0.0
2000,8,14,0.0
2000,8,15,27.5
2000,8,16,0.8
2000,8,17,0.0
2000,8,18,0.0
2000,8,19,0.0
2000,8,20,5.9
2000,8,21,0.0
2000,8,22,0.0
2000,8,23,0.0
2000,8,24,0.0
2000,8,25,0.0
2000,8,26,22.4
2000,8,27,1.6
2000,8,28,0.0
2000,8,29,9.8
2000,8,30,3.9
2000,8,31,3.8
2000,9,1,0.8
2000,9,2,0.0
2000,9,3,0.0
2000,9,4,17.3
2000,9,5,0.0
2000,9,6,0.0
2000,9,7,0.0
2000,9,8,0.0
2000,9,9,1.5
2000,9,10,10.3
2000,9,11,0.0
2000,9,12,0.0
2000,9,13,0.0
2000,9,14,0.0
2000,9,15,3.3
2000,9,16,0.0
2000,9,17,6.7
2000,9,18,8.6
2000,9,19,27.0
2000,9,20,30.3
2000,9,21,7.4
2000,9,22,0.0
2000,9,23,1.0
2000,9,24,0.0
2000,9,25,6.3
2000,9,26,14.4
2000,9,27,0.0
2000,9,28,0.0
2000,9,29,0.0
2000,9,30,6.3
2000,10,1,45.5
2000,10,2,18.1
2000,10,3,0.0
2000,10,4,27.7
2000,10,5,1.1
2000,10,6,0.3
2000,10,7,0.0
2000,10,8,0.0
2000,10,9,0.0
2000,10,10,0.0
2000,10,11,0.0
2000,10,12,0.0
2000,10,13,3.9
2000,10,14,2.4
2000,10,15,0.0
2000,10,16,1.1
2000,10,17,12.8
2000,10,18,6.9
2000,10,19,0.9
2000,10,20,0.7
2000,10,21,0.6
2000,10,22,0.0
2000,10,23,0.0
2000,10,24,0.0
2000,10,25,5.9
2000,10,26,0.0
2000,10,27,6.3
2000,10,28,2.9
2000,10,29,0.2
2000,10,30,0.3
2000,10,31,0.0
2000,11,1,0.0
2000,11,2,0.4
2000,11,3,0.7
2000,11,4,12.9
2000,11,5,0.2
2000,11,6,0.0
2000,11,7,8.9
2000,11,8,0.5
2000,11,9,0.2
2000,11,10,1.0
2000,11,11,25.3
2000,11,12,9.2
2000,11,13,0.0
2000,11,14,3.9
2000,11,15,0.4
2000,11,16,0.0
2000,11,17,1.1
2000,11,18,21.4
2000,11,19,42.7
2000,11,20,24.2
2000,11,21,57.3
2000,11,22,76.2
2000,11,23,0.0
2000,11,24,0.3
2000,11,25,0.0
2000,11,26,7.8
2000,11,27,5.7
2000,11,28,5.5
2000,11,29,4.1
2000,11,30,4.5
2000,12,1,0.0
2000,12,2,0.2
2000,12,3,0.0
2000,12,4,0.0
2000,12,5,0.0
2000,12,6,24.5
2000,12,7,0.0
2000,12,8,0.0
2000,12,9,0.0
2000,12,10,2.3
2000,12,11,10.3
2000,12,12,0.0
2000,12,13,0.0
2000,12,14,0.0
2000,12,15,5.4
2000,12,16,1.1
2000,12,17,0.2
2000,12,18,0.5
2000,12,19,31.3
2000,12,20,0.0
2000,12,21,4.2
2000,12,22,5.8
2000,12,23,2.4
2000,12,24,0.4
2000,12,25,5.3
2000,12,26,71.3
2000,12,27,0.0
2000,12,28,19.6
2000,12,29,20.7
2000,12,30,2.3
2000,12,31,0.0
2001,1,1,79.4
2001,1,2,0.0
2001,1,3,1.6
2001,1,4,3.2
2001,1,5,5.5
2001,1,6,0.0
2001,1,7,0.0
2001,1,8,7.9
2001,1,9,0.4
2001,1,10,0.0
2001,1,11,6.8
2001,1,12,18.5
2001,1,13,0.4
2001,1,14,3.5
2001,1,15,70.7
2001,1,16,59.5
2001,1,17,7.1
2001,1,18,0.3
2001,1,19,15.5
2001,1,20,0.9
2001,1,21,52.6
2001,1,22,2.5
2001,1,23,15.8
2001,1,24,0.5
2001,1,25,0.0
2001,1,26,47.3
2001,1,27,18.7
2001,1,28,0.0
2001,1,29,7.6
2001,1,30,0.0
2001,1,31,0.0
2001,2,1,0.0
2001,2,2,36.1
2001,2,3,0.0
2001,2,4,2.7
2001,2,5,0.0
2001,2,6,7.9
2001,2,7,20.9
2001,2,8,0.0
2001,2,9,0.9
2001,2,10,0.0
2001,2,11,0.0
2001,2,12,3.5
2001,2,13,0.0
2001,2,14,8.4
2001,2,15,0.0
2001,2,16,3.9
2001,2,17,0.0
2001,2,18,2.4
2001,2,19,0.0
2001,2,20,0.0
2001,2,21,0.0
2001,2,22,0.5
2001,2,23,0.0
2001,2,24,10.2
2001,2,25,0.0
2001,2,26,0.0
2001,2,27,4.9
2001,2,28,0.0
2001,3,1,0.0
2001,3,2,3.4
2001,3,3,1.4
2001,3,4,1.8
2001,3,5,0.0
2001,3,6,0.0
2001,3,7,3.3
2001,3,8,28.6
2001,3,9,0.0
2001,3,10,2.7
2001,3,11,0.0
2001,3,12,3.7
2001,3,13,0.0
2001,3,14,0.0
2001,3,15,0.0
2001,3,16,1.5
2001,3,17,7.6
2001,3,18,0.0
2001,3,19,8.1
2001,3,20,0.0
2001,3,21,0.0
2001,3,22,10.7
2001,3,23,17.6
2001,3,24,12.3
2001,3,25,49.9
2001,3,26,0.0
2001,3,27,34.2
2001,3,28,0.0
2001,3,29,0.0
2001,3,30,1.3
2001,3,31,18.9
2001,4,1,8.7
2001,4,2,63.2
2001,4,3,0.0
2001,4,4,0.0
2001,4,5,0.4
2001,4,6,41.1
2001,4,7,0.7
2001,4,8,0.1
2001,4,9,0.0
2001,4,10,0.0
2001,4,11,1.3
2001,4,12,9.0
2001,4,13,28.8
2001,4,14,27.0
2001,4,15,0.5
2001,4,16,20.6
2001,4,17,25.7
2001,4,18,0.0
2001,4,19,0.0
2001,4,20,0.0
2001,4,21,12.0
2001,4,22,17.4
2001,4,23,0.5
2001,4,24,2.3
2001,4,25,0.4
2001,4,26,1.9
2001,4,27,15.9
2001,4,28,1.2
2001,4,29,3.9
2001,4,30,0.0
2001,5,1,0.0
2001,5,2,0.5
2001,5,3,0.0
2001,5,4,15.2
2001,5,5,0.0
2001,5,6,0.0
2001,5,7,3.9
2001,5,8,0.0
2001,5,9,9.1
2001,5,10,3.5
2001,5,11,0.0
2001,5,12,0.7
2001,5,13,0.0
2001,5,14,0.0
2001,5,15,0.0
2001,5,16,4.4
2001,5,17,0.2
2001,5,18,22.4
2001,5,19,0.0
2001,5,20,0.0
2001,5,21,0.0
2001,5,22,41.8
2001,5,23,0.0
2001,5,24,0.0
2001,5,25,35.8
2001,5,26,3.6
2001,5,27,34.3
2001,5,28,4.9
2001,5,29,0.0
2001,5,30,41.7
2001,5,31,29.5
2001,6,1,0.0
2001,6,2,0.0
2001,6,3,4.3
2001,6,4,0.8
2001,6,5,0.6
2001,6,6,41.1
2001,6,7,7.2
2001,6,8,0.0
2001,6,9,0.0
2001,6,10,0.0
2001,6,11,42.6
2001,6,12,23.0
2001,6,13,63.9
2001,6,14,5.0
2001,6,15,38.9
2001,6,16,0.3
2001,6,17,0.0
2001,6,18,0.0
2001,6,19,0.1
2001,6,20,0.1
2001,6,21,1.9
2001,6,22,18.9
2001,6,23,0.0
2001,6,24,0.0
2001,6,25,49.7
2001,6,26,0.1
2001,6,27,2.6
2001,6,28,16.1
2001,6,29,1.8
2001,6,30,0.0
2001,7,1,0.0
2001,7,2,0.0
2001,7,3,0.0
2001,7,4,0.0
2001,7,5,0.0
2001,7,6,0.0
2001,7,7,0.0
2001,7,8,0.0
2001,7,9,0.0
2001,7,10,4.0
2001,7,11,0.0
2001,7,12,0.0
2001,7,13,0.0
2001,7,14,0.0
2001,7,15,0.7
2001,7,16,0.0
2001,7,17,16.7
2001,7,18,0.0
2001,7,19,0.0
2001,7,20,1.0
2001,7,21,54.1
2001,7,22,0.0
2001,7,23,0.0
2001,7,24,1.0
2001,7,25,23.6
2001,7,26,0.0
2001,7,27,0.0
2001,7,28,19.6
2001,7,29,0.0
2001,7,30,3.8
2001,7,31,0.0
2001,8,1,0.1
2001,8,2,2.0
2001,8,3,0.0
2001,8,4,12.1
2001,8,5,30.6
2001,8,6,0.0
2001,8,7,0.0
2001,8,8,55.7
2001,8,9,0.0
2001,8,10,0.1
2001,8,11,15.3
2001,8,12,0.0
2001,8,13,0.0
2001,8,14,0.0
2001,8,15,0.0
2001,8,16,1.1
2001,8,17,0.0
2001,8,18,0.0
2001,8,19,0.2
2001,8,20,10.8
2001,8,21,0.0
2001,8,22,0.0
2001,8,23,0.0
2001,8,24,0.0
2001,8,25,0.0
2001,8,26,13.6
2001,8,27,25.0
2001,8,28,0.0
2001,8,29,45.9
2001,8,30,4.1
2001,8,31,0.0
2001,9,1,0.0
2001,9,2,0.0
2001,9,3,33.6
2001,9,4,5.0
2001,9,5,12.8
2001,9,6,9.5
2001,9,7,0.3
2001,9,8,0.0
2001,9,9,0.0
2001,9,10,0.0
2001,9,11,0.0
2001,9,12,0.0
2001,9,13,0.0
2001,9,14,0.9
2001,9,15,0.0
2001,9,16,10.6
2001,9,17,1.0
2001,9,18,0.0
2001,9,19,79.8
2001,9,20,9.0
2001,9,21,0.1
2001,9,22,12.3
2001,9,23,0.0
2001,9,24,0.0
2001,9,25,0.0
2001,9,26,0.0
2001,9,27,5.0
2001,9,28,30.9
2001,9,29,0.6
2001,9,30,0.5
2001,10,1,11.7
2001,10,2,7.5
2001,10,3,6.6
2001,10,4,8.2
2001,10,5,1.7
2001,10,6,0.3
2001,10,7,11.8
2001,10,8,0.0
2001,10,9,0.0
2001,10,10,0.0
2001,10,11,0.0
2001,10,12,0.0
2001,10,13,0.0
2001,10,14,0.0
2001,10,15,27.1
2001,10,16,0.0
2001,10,17,2.5
2001,10,18,19.7
2001,10,19,0.0
2001,10,20,0.0
2001,10,21,13.2
2001,10,22,0.9
2001,10,23,0.6
2001,10,24,0.9
2001,10,25,0.2
2001,10,26,0.0
2001,10,27,2.7
2001,10,28,0.9
2001,10,29,152.1
2001,10,30,4.6
2001,10,31,26.1
2001,11,1,0.2
2001,11,2,3.5
2001,11,3,0.0
2001,11,4,0.0
2001,11,5,13.9
2001,11,6,0.0
2001,11,7,0.0
2001,11,8,0.0
2001,11,9,4.9
2001,11,10,0.0
2001,11,11,0.0
2001,11,12,1.3
2001,11,13,0.0
2001,11,14,40.4
2001,11,15,14.1
2001,11,16,0.7
2001,11,17,0.0
2001,11,18,0.0
2001,11,19,8.9
2001,11,20,0.0
2001,11,21,1.8
2001,11,22,0.0
2001,11,23,6.0
2001,11,24,0.1
2001,11,25,0.9
2001,11,26,0.0
2001,11,27,0.0
2001,11,28,0.0
2001,11,29,70.9
2001,11,30,5.1
2001,12,1,2.9
2001,12,2,4.4
2001,12,3,6.4
2001,12,4,0.0
2001,12,5,0.0
2001,12,6,0.0
2001,12,7,0.0
2001,12,8,0.0
2001,12,9,0.2
2001,12,10,14.6
2001,12,11,9.2
2001,12,12,1.8
2001,12,13,0.5
2001,12,14,3.0
2001,12,15,0.4
2001,12,16,0.0
2001,12,17,34.1
2001,12,18,21.8
2001,12,19,8.4
2001,12,20,13.9
2001,12,21,29.4
2001,12,22,0.0
2001,12,23,2.1
2001,12,24,22.6
2001,12,25,4.9
2001,12,26,25.3
2001,12,27,144.4
2001,12,28,0.0
2001,12,29,1.6
2001,12,30,0.0
2001,12,31,0.0
2002,1,1,0.0
2002,1,2,0.0
2002,1,3,0.0
2002,1,4,0.0
2002,1,5,0.0
2002,1,6,4.2
2002,1,7,0.0
2002,1,8,2.0
2002,1,9,5.2
2002,1,10,0.7
2002,1,11,0.0
2002,1,12,0.0
2002,1,13,0.0
2002,1,14,0.0
2002,1,15,0.0
2002,1,16,0.0
2002,1,17,20.7
2002,1,18,0.0
2002,1,19,3.3
2002,1,20,0.0
2002,1,21,0.1
2002,1,22,39.0
2002,1,23,24.8
2002,1,24,73.0
2002,1,25,17.0
2002,1,26,0.0
2002,1,27,0.0
2002,1,28,0.0
2002,1,29,0.0
2002,1,30,1.7
2002,1,31,0.0
2002,2,1,0.0
2002,2,2,0.6
2002,2,3,91.2
2002,2,4,0.0
2002,2,5,0.0
2002,2,6,0.0
2002,2,7,0.0
2002,2,8,0.0
2002,2,9,0.0
2002,2,10,0.0
2002,2,11,0.1
2002,2,12,6.3
2002,2,13,19.3
2002,2,14,0.0
2002,2,15,0.0
2002,2,16,0.0
2002,2,17,0.0
2002,2,18,0.0
2002,2,19,0.0
2002,2,20,1.3
2002,2,21,66.1
2002,2,22,11.2
2002,2,23,0.5
2002,2,24,0.6
2002,2,25,23.0
2002,2,26,0.0
2002,2,27,0.4
2002,2,28,0.8
2002,3,1,0.0
2002,3,2,12.2
2002,3,3,0.0
2002,3,4,0.0
2002,3,5,0.0
2002,3,6,0.0
2002,3,7,0.0
2002,3,8,0.0
2002,3,9,0.0
2002,3,10,0.0
2002,3,11,0.0
2002,3,12,0.0
2002,3,13,0.0
2002,3,14,10.0
2002,3,15,5.1
2002,3,16,2.5
2002,3,17,5.4
2002,3,18,15.0
2002,3,19,1.6
2002,3,20,35.3
2002,3,21,0.0
2002,3,22,11.4
2002,3,23,0.2
2002,3,24,0.0
2002,3,25,2.4
2002,3,26,10.7
2002,3,27,0.2
2002,3,28,0.0
2002,3,29,0.0
2002,3,30,12.1
2002,3,31,10.7
2002,4,1,0.1
2002,4,2,0.2
2002,4,3,0.0
2002,4,4,0.0
2002,4,5,0.4
2002,4,6,0.0
2002,4,7,10.1
2002,4,8,19.1
2002,4,9,9.4
2002,4,10,1.3
2002,4,11,0.0
2002,4,12,0.0
2002,4,13,0.0
2002,4,14,25.3
2002,4,15,0.9
2002,4,16,20.9
2002,4,17,6.0
2002,4,18,0.0
2002,4,19,0.0
2002,4,20,8.4
2002,4,21,0.0
2002,4,22,7.9
2002,4,23,12.5
2002,4,24,11.5
2002,4,25,0.0
2002,4,26,0.0
2002,4,27,7.5
2002,4,28,0.0
2002,4,29,16.5
2002,4,30,55.1
2002,5,1,0.0
2002,5,2,5.1
2002,5,3,29.2
2002,5,4,8.0
2002,5,5,2.0
2002,5,6,6.9
2002,5,7,5.1
2002,5,8,17.4
2002,5,9,0.0
2002,5,10,0.0
2002,5,11,0.0
2002,5,12,0.0
2002,5,13,0.0
2002,5,14,0.4
2002,5,15,41.8
2002,5,16,0.0
2002,5,17,0.0
2002,5,18,0.0
2002,5,19,0.0
2002,5,20,22.1
2002,5,21,0.0
2002,5,22,17.2
2002,5,23,1.0
2002,5,24,0.3
2002,5,25,0.1
2002,5,26,11.6
2002,5,27,2.8
2002,5,28,0.0
2002,5,29,0.3
2002,5,30,10.8
2002,5,31,7.2
2002,6,1,0.0
2002,6,2,0.0
2002,6,3,0.0
2002,6,4,0.0
2002,6,5,0.0
2002,6,6,16.7
2002,6,7,0.0
2002,6,8,0.0
2002,6,9,2.0
2002,6,10,8.3
2002,6,11,16.4
2002,6,12,56.8
2002,6,13,0.0
2002,6,14,3.8
2002,6,15,0.0
2002,6,16,3.2
2002,6,17,0.1
2002,6,18,0.0
2002,6,19,0.0
2002,6,20,0.0
2002,6,21,0.0
2002,6,22,0.0
2002,6,23,0.0
2002,6,24,0.2
2002,6,25,0.0
2002,6,26,3.1
2002,6,27,0.0
2002,6,28,4.8
2002,6,29,7.6
2002,6,30,41.1
2002,7,1,32.5
2002,7,2,0.5
2002,7,3,0.0
2002,7,4,4.5
2002,7,5,0.0
2002,7,6,0.0
2002,7,7,0.0
2002,7,8,0.0
2002,7,9,0.0
2002,7,10,14.1
2002,7,11,1.9
2002,7,12,0.0
2002,7,13,23.5
2002,7,14,0.0
2002,7,15,0.2
2002,7,16,0.0
2002,7,17,0.0
2002,7,18,0.0
2002,7,19,0.0
2002,7,20,0.0
2002,7,21,0.0
2002,7,22,0.7
2002,7,23,19.0
2002,7,24,0.0
2002,7,25,2.8
2002,7,26,0.0
2002,7,27,0.0
2002,7,28,3.7
2002,7,29,34.5
2002,7,30,0.0
2002,7,31,0.0
2002,8,1,6.5
2002,8,2,4.1
2002,8,3,0.2
2002,8,4,0.9
2002,8,5,0.0
2002,8,6,0.0
2002,8,7,0.0
2002,8,8,0.3
2002,8,9,19.2
2002,8,10,0.0
2002,8,11,0.2
2002,8,12,0.9
2002,8,13,0.1
2002,8,14,0.0
2002,8,15,0.0
2002,8,16,0.0
2002,8,17,0.0
2002,8,18,0.0
2002,8,19,1.3
2002,8,20,19.5
2002,8,21,4.5
2002,8,22,32.5
2002,8,23,0.1
2002,8,24,0.0
2002,8,25,0.0
2002,8,26,12.5
2002,8,27,0.0
2002,8,28,16.8
2002,8,29,20.5
2002,8,30,2.8
2002,8,31,0.5
2002,9,1,0.4
2002,9,2,7.6
2002,9,3,0.9
2002,9,4,0.0
2002,9,5,0.0
2002,9,6,7.6
2002,9,7,43.2
2002,9,8,6.1
2002,9,9,0.9
2002,9,10,25.1
2002,9,11,0.0
2002,9,12,0.0
2002,9,13,1.1
2002,9,14,0.0
2002,9,15,0.0
2002,9,16,0.1
2002,9,17,1.2
2002,9,18,9.7
2002,9,19,0.0
2002,9,20,0.0
2002,9,21,0.0
2002,9,22,0.0
2002,9,23,0.0
2002,9,24,0.0
2002,9,25,0.7
2002,9,26,0.1
2002,9,27,15.1
2002,9,28,0.0
2002,9,29,0.9
2002,9,30,0.0
2002,10,1,0.0
2002,10,2,0.0
2002,10,3,0.0
2002,10,4,0.0
2002,10,5,0.3
2002,10,6,8.0
2002,10,7,12.8
2002,10,8,0.0
2002,10,9,0.0
2002,10,10,0.0
2002,10,11,0.0
2002,10,12,7.3
2002,10,13,0.0
2002,10,14,4.6
2002,10,15,2.5
2002,10,16,0.3
2002,10,17,7.1
2002,10,18,0.0
2002,10,19,0.0
2002,10,20,14.6
2002,10,21,2.9
2002,10,22,0.0
2002,10,23,0.0
2002,10,24,0.0
2002,10,25,0.0
2002,10,26,0.0
2002,10,27,19.2
2002,10,28,0.0
2002,10,29,5.5
2002,10,30,0.0
2002,10,31,0.0
2002,11,1,0.0
2002,11,2,6.5
2002,11,3,31.8
2002,11,4,0.0
2002,11,5,15.3
2002,11,6,0.6
2002,11,7,0.2
2002,11,8,0.5
2002,11,9,0.7
2002,11,10,7.0
2002,11,11,0.0
2002,11,12,0.0
2002,11,13,20.7
2002,11,14,0.0
2002,11,15,0.0
2002,11,16,0.0
2002,11,17,20.0
2002,11,18,26.1
2002,11,19,6.2
2002,11,20,38.4
2002,11,21,38.1
2002,11,22,0.0
2002,11,23,0.0
2002,11,24,28.6
2002,11,25,0.0
2002,11,26,0.0
2002,11,27,0.0
2002,11,28,10.2
2002,11,29,0.4
2002,11,30,0.0
2002,12,1,0.0
2002,12,2,0.0
2002,12,3,17.0
2002,12,4,0.0
2002,12,5,10.7
2002,12,6,51.9
2002,12,7,40.9
2002,12,8,0.0
2002,12,9,13.7
2002,12,10,3.3
2002,12,11,2.2
2002,12,12,0.3
2002,12,13,36.5
2002,12,14,2.3
2002,12,15,11.5
2002,12,16,0.8
2002,12,17,21.6
2002,12,18,49.9
2002,12,19,22.6
2002,12,20,22.8
2002,12,21,69.1
2002,12,22,27.1
2002,12,23,1.7
2002,12,24,27.2
2002,12,25,4.7
2002,12,26,2.8
2002,12,27,0.1
2002,12,28,0.0
2002,12,29,0.0
2002,12,30,2.1
2002,12,31,0.0
2003,1,1,5.0
2003,1,2,6.1
2003,1,3,7.3
2003,1,4,2.8
2003,1,5,2.4
2003,1,6,0.1
2003,1,7,10.9
2003,1,8,7.1
2003,1,9,0.0
2003,1,10,0.0
2003,1,11,7.5
2003,1,12,34.8
2003,1,13,0.1
2003,1,14,0.0
2003,1,15,2.6
2003,1,16,0.1
2003,1,17,0.9
2003,1,18,22.3
2003,1,19,27.5
2003,1,20,3.2
2003,1,21,0.0
2003,1,22,0.0
2003,1,23,0.6
2003,1,24,0.1
2003,1,25,0.0
2003,1,26,0.0
2003,1,27,0.0
2003,1,28,0.5
2003,1,29,9.7
2003,1,30,12.7
2003,1,31,79.0
2003,2,1,0.4
2003,2,2,3.3
2003,2,3,8.2
2003,2,4,0.1
2003,2,5,6.2
2003,2,6,0.1
2003,2,7,0.0
2003,2,8,1.5
2003,2,9,18.7
2003,2,10,0.5
2003,2,11,0.5
2003,2,12,0.0
2003,2,13,0.0
2003,2,14,1.2
2003,2,15,15.4
2003,2,16,23.8
2003,2,17,20.5
2003,2,18,33.4
2003,2,19,0.0
2003,2,20,0.8
2003,2,21,4.9
2003,2,22,0.2
2003,2,23,0.0
2003,2,24,2.6
2003,2,25,72.7
2003,2,26,0.5
2003,2,27,0.0
2003,2,28,0.0
2003,3,1,0.0
2003,3,2,0.0
2003,3,3,0.0
2003,3,4,0.0
2003,3,5,0.0
2003,3,6,0.0
2003,3,7,0.0
2003,3,8,27.2
2003,3,9,68.7
2003,3,10,0.0
2003,3,11,29.0
2003,3,12,0.9
2003,3,13,3.7
2003,3,14,0.0
2003,3,15,0.0
2003,3,16,0.0
2003,3,17,0.0
2003,3,18,14.5
2003,3,19,0.0
2003,3,20,37.6
2003,3,21,0.0
2003,3,22,0.0
2003,3,23,0.0
2003,3,24,0.0
2003,3,25,0.0
2003,3,26,77.6
2003,3,27,0.0
2003,3,28,0.2
2003,3,29,4.2
2003,3,30,0.0
2003,3,31,0.0
2003,4,1,42.1
2003,4,2,0.3
2003,4,3,1.1
2003,4,4,31.8
2003,4,5,0.1
2003,4,6,16.7
2003,4,7,32.5
2003,4,8,16.1
2003,4,9,2.1
2003,4,10,0.6
2003,4,11,2.0
2003,4,12,1.8
2003,4,13,2.7
2003,4,14,12.4
2003,4,15,109.0
2003,4,16,6.7
2003,4,17,5.1
2003,4,18,46.1
2003,4,19,8.1
2003,4,20,0.4
2003,4,21,9.9
2003,4,22,7.0
2003,4,23,0.4
2003,4,24,0.0
2003,4,25,2.0
2003,4,26,28.3
2003,4,27,0.5
2003,4,28,15.1
2003,4,29,7.5
2003,4,30,25.9
2003,5,1,
2003,5,2,
2003,5,3,
2003,5,4,
2003,5,5,
2003,5,6,0.0
2003,5,7,0.2
2003,5,8,0.0
2003,5,9,53.0
2003,5,10,0.2
2003,5,11,0.7
2003,5,12,0.0
2003,5,13,1.7
2003,5,14,0.0
2003,5,15,0.0
2003,5,16,0.0
2003,5,17,0.0
2003,5,18,0.0
2003,5,19,0.0
2003,5,20,0.0
2003,5,21,0.0
2003,5,22,0.0
2003,5,23,0.0
2003,5,24,0.0
2003,5,25,0.4
2003,5,26,0.2
2003,5,27,0.0
2003,5,28,0.0
2003,5,29,0.0
2003,5,30,33.7
2003,5,31,0.1
2003,6,1,0.0
2003,6,2,0.0
2003,6,3,0.0
2003,6,4,0.6
2003,6,5,0.0
2003,6,6,1.0
2003,6,7,0.4
2003,6,8,0.9
2003,6,9,0.0
2003,6,10,0.0
2003,6,11,1.0
2003,6,12,12.4
2003,6,13,0.9
2003,6,14,0.0
2003,6,15,8.9
2003,6,16,0.6
2003,6,17,111.0
2003,6,18,0.0
2003,6,19,0.0
2003,6,20,0.0
2003,6,21,0.0
2003,6,22,0.0
2003,6,23,0.0
2003,6,24,1.0
2003,6,25,5.2
2003,6,26,0.0
2003,6,27,9.6
2003,6,28,0.0
2003,6,29,4.0
2003,6,30,0.0
2003,7,1,0.3
2003,7,2,1.8
2003,7,3,6.4
2003,7,4,42.3
2003,7,5,0.0
2003,7,6,0.0
2003,7,7,0.0
2003,7,8,2.2
2003,7,9,0.0
2003,7,10,6.7
2003,7,11,3.6
2003,7,12,40.3
2003,7,13,0.2
2003,7,14,27.7
2003,7,15,0.5
2003,7,16,14.5
2003,7,17,3.0
2003,7,18,17.6
2003,7,19,28.1
2003,7,20,0.0
2003,7,21,0.0
2003,7,22,0.0
2003,7,23,0.0
2003,7,24,2.9
2003,7,25,0.6
2003,7,26,1.7
2003,7,27,2.5
2003,7,28,0.0
2003,7,29,0.7
2003,7,30,0.0
2003,7,31,0.0
2003,8,1,0.0
2003,8,2,0.0
2003,8,3,0.0
2003,8,4,0.0
2003,8,5,0.9
2003,8,6,0.0
2003,8,7,0.0
2003,8,8,0.0
2003,8,9,0.0
2003,8,10,0.0
2003,8,11,0.0
2003,8,12,44.2
2003,8,13,0.5
2003,8,14,0.7
2003,8,15,43.2
2003,8,16,43.7
2003,8,17,0.0
2003,8,18,0.0
2003,8,19,0.0
2003,8,20,4.4
2003,8,21,0.0
2003,8,22,0.0
2003,8,23,9.1
2003,8,24,0.0
2003,8,25,1.0
2003,8,26,3.0
2003,8,27,8.6
2003,8,28,0.6
2003,8,29,6.4
2003,8,30,16.0
2003,8,31,0.0
2003,9,1,16.0
2003,9,2,10.5
2003,9,3,0.0
2003,9,4,0.0
2003,9,5,0.0
2003,9,6,0.0
2003,9,7,3.3
2003,9,8,14.9
2003,9,9,0.0
2003,9,10,0.2
2003,9,11,0.1
2003,9,12,28.7
2003,9,13,0.0
2003,9,14,0.7
2003,9,15,44.7
2003,9,16,0.0
2003,9,17,0.3
2003,9,18,7.7
2003,9,19,0.0
2003,9,20,32.4
2003,9,21,10.9
2003,9,22,0.0
2003,9,23,0.0
2003,9,24,6.4
2003,9,25,114.8
2003,9,26,0.0
2003,9,27,0.0
2003,9,28,0.9
2003,9,29,0.3
2003,9,30,0.0
2003,10,1,0.0
2003,10,2,0.0
2003,10,3,0.0
2003,10,4,3.0
2003,10,5,4.8
2003,10,6,37.6
2003,10,7,0.9
2003,10,8,34.7
2003,10,9,46.8
2003,10,10,127.4
2003,10,11,38.3
2003,10,12,4.8
2003,10,13,6.2
2003,10,14,10.4
2003,10,15,0.3
2003,10,16,0.0
2003,10,17,20.8
2003,10,18,0.0
2003,10,19,16.6
2003,10,20,0.1
2003,10,21,19.8
2003,10,22,0.0
2003,10,23,0.0
2003,10,24,0.0
2003,10,25,0.0
2003,10,26,0.1
2003,10,27,35.1
2003,10,28,0.0
2003,10,29,4.7
2003,10,30,1.7
2003,10,31,4.6
2003,11,1,0.0
2003,11,2,6.7
2003,11,3,0.0
2003,11,4,12.1
2003,11,5,9.6
2003,11,6,1.6
2003,11,7,0.0
2003,11,8,4.7
2003,11,9,14.5
2003,11,10,20.8
2003,11,11,0.4
2003,11,12,5.0
2003,11,13,0.0
2003,11,14,0.0
2003,11,15,0.0
2003,11,16,3.2
2003,11,17,41.6
2003,11,18,14.0
2003,11,19,4.0
2003,11,20,0.6
2003,11,21,9.3
2003,11,22,21.0
2003,11,23,0.0
2003,11,24,0.1
2003,11,25,9.5
2003,11,26,0.0
2003,11,27,0.0
2003,11,28,77.6
2003,11,29,0.9
2003,11,30,0.3
2003,12,1,0.1
2003,12,2,17.6
2003,12,3,0.0
2003,12,4,0.0
2003,12,5,2.9
2003,12,6,0.0
2003,12,7,21.7
2003,12,8,0.3
2003,12,9,98.2
2003,12,10,37.1
2003,12,11,28.6
2003,12,12,0.5
2003,12,13,2.3
2003,12,14,20.5
2003,12,15,0.0
2003,12,16,23.5
2003,12,17,0.2
2003,12,18,25.4
2003,12,19,8.5
2003,12,20,59.6
2003,12,21,0.0
2003,12,22,0.0
2003,12,23,0.0
2003,12,24,0.0
2003,12,25,22.3
2003,12,26,7.7
2003,12,27,0.0
2003,12,28,0.0
2003,12,29,0.0
2003,12,30,1.6
2003,12,31,0.0
2004,1,1,0.0
2004,1,2,2.1
2004,1,3,0.1
2004,1,4,0.3
2004,1,5,3.2
2004,1,6,1.5
2004,1,7,39.0
2004,1,8,10.9
2004,1,9,0.4
2004,1,10,16.5
2004,1,11,0.0
2004,1,12,0.0
2004,1,13,0.0
2004,1,14,3.2
2004,1,15,0.0
2004,1,16,0.0
2004,1,17,0.0
2004,1,18,16.0
2004,1,19,91.0
2004,1,20,0.0
2004,1,21,0.2
2004,1,22,0.0
2004,1,23,16.2
2004,1,24,120.9
2004,1,25,2.5
2004,1,26,11.1
2004,1,27,12.7
2004,1,28,66.0
2004,1,29,23.8
2004,1,30,0.0
2004,1,31,0.0
2004,2,1,19.4
2004,2,2,3.1
2004,2,3,0.0
2004,2,4,0.0
2004,2,5,32.4
2004,2,6,42.0
2004,2,7,0.0
2004,2,8,0.0
2004,2,9,0.1
2004,2,10,0.0
2004,2,11,0.0
2004,2,12,0.0
2004,2,13,0.0
2004,2,14,0.0
2004,2,15,0.0
2004,2,16,0.0
2004,2,17,4.3
2004,2,18,0.3
2004,2,19,3.8
2004,2,20,0.0
2004,2,21,0.0
2004,2,22,0.0
2004,2,23,0.0
2004,2,24,0.0
2004,2,25,0.0
2004,2,26,0.0
2004,2,27,0.0
2004,2,28,1.2
2004,2,29,9.6
2004,3,1,0.0
2004,3,2,2.5
2004,3,3,0.0
2004,3,4,27.2
2004,3,5,0.0
2004,3,6,0.1
2004,3,7,6.3
2004,3,8,227.2
2004,3,9,0.1
2004,3,10,1.9
2004,3,11,6.7
2004,3,12,36.3
2004,3,13,0.0
2004,3,14,11.3
2004,3,15,7.9
2004,3,16,23.6
2004,3,17,0.0
2004,3,18,0.0
2004,3,19,13.8
2004,3,20,0.3
2004,3,21,2.6
2004,3,22,0.0
2004,3,23,2.7
2004,3,24,0.0
2004,3,25,0.0
2004,3,26,62.3
2004,3,27,0.4
2004,3,28,5.8
2004,3,29,0.0
2004,3,30,76.5
2004,3,31,0.1
2004,4,1,8.9
2004,4,2,20.2
2004,4,3,0.7
2004,4,4,45.1
2004,4,5,0.0
2004,4,6,0.1
2004,4,7,4.0
2004,4,8,2.8
2004,4,9,0.0
2004,4,10,14.9
2004,4,11,2.0
2004,4,12,0.0
2004,4,13,1.4
2004,4,14,3.7
2004,4,15,0.0
2004,4,16,0.0
2004,4,17,0.0
2004,4,18,32.7
2004,4,19,0.6
2004,4,20,9.8
2004,4,21,13.6
2004,4,22,4.2
2004,4,23,50.4
2004,4,24,3.2
2004,4,25,0.0
2004,4,26,0.1
2004,4,27,0.0
2004,4,28,8.6
2004,4,29,5.6
2004,4,30,0.0
2004,5,1,0.0
2004,5,2,3.8
2004,5,3,0.0
2004,5,4,9.7
2004,5,5,46.9
2004,5,6,47.2
2004,5,7,0.0
2004,5,8,0.0
2004,5,9,0.0
2004,5,10,0.0
2004,5,11,10.7
2004,5,12,15.1
2004,5,13,0.0
2004,5,14,0.0
2004,5,15,0.0
2004,5,16,1.5
2004,5,17,0.0
2004,5,18,0.5
2004,5,19,0.0
2004,5,20,0.0
2004,5,21,0.0
2004,5,22,24.7
2004,5,23,29.8
2004,5,24,0.0
2004,5,25,0.0
2004,5,26,0.6
2004,5,27,0.3
2004,5,28,14.5
2004,5,29,3.2
2004,5,30,17.7
2004,5,31,0.0
2004,6,1,0.0
2004,6,2,0.9
2004,6,3,1.6
2004,6,4,22.0
2004,6,5,0.1
2004,6,6,24.5
2004,6,7,0.2
2004,6,8,0.0
2004,6,9,26.6
2004,6,10,0.0
2004,6,11,0.0
2004,6,12,0.0
2004,6,13,0.0
2004,6,14,0.0
2004,6,15,0.0
2004,6,16,0.0
2004,6,17,0.0
2004,6,18,0.0
2004,6,19,0.0
2004,6,20,0.0
2004,6,21,0.0
2004,6,22,0.0
2004,6,23,0.0
2004,6,24,0.0
2004,6,25,24.5
2004,6,26,0.4
2004,6,27,0.0
2004,6,28,0.1
2004,6,29,2.3
2004,6,30,7.2
2004,7,1,13.7
2004,7,2,9.4
2004,7,3,15.8
2004,7,4,0.0
2004,7,5,3.6
2004,7,6,5.4
2004,7,7,0.0
2004,7,8,5.0
2004,7,9,0.2
2004,7,10,2.7
2004,7,11,0.4
2004,7,12,5.6
2004,7,13,0.1
2004,7,14,21.2
2004,7,15,30.8
2004,7,16,0.9
2004,7,17,0.0
2004,7,18,0.0
2004,7,19,0.0
2004,7,20,18.6
2004,7,21,0.2
2004,7,22,0.0
2004,7,23,47.1
2004,7,24,32.7
2004,7,25,0.0
2004,7,26,0.5
2004,7,27,0.9
2004,7,28,11.2
2004,7,29,9.9
2004,7,30,2.8
2004,7,31,4.2
2004,8,1,85.4
2004,8,2,1.6
2004,8,3,0.0
2004,8,4,0.0
2004,8,5,0.0
2004,8,6,0.0
2004,8,7,0.0
2004,8,8,0.0
2004,8,9,0.0
2004,8,10,0.0
2004,8,11,0.0
2004,8,12,0.0
2004,8,13,0.0
2004,8,14,0.0
2004,8,15,0.0
2004,8,16,0.0
2004,8,17,0.0
2004,8,18,2.2
2004,8,19,2.9
2004,8,20,12.2
2004,8,21,3.1
2004,8,22,0.4
2004,8,23,0.0
2004,8,24,3.1
2004,8,25,72.1
2004,8,26,0.0
2004,8,27,0.0
2004,8,28,0.0
2004,8,29,0.0
2004,8,30,0.0
2004,8,31,0.0
2004,9,1,0.0
2004,9,2,7.5
2004,9,3,0.1
2004,9,4,0.0
2004,9,5,0.3
2004,9,6,2.1
2004,9,7,0.0
2004,9,8,0.0
2004,9,9,0.0
2004,9,10,0.0
2004,9,11,5.4
2004,9,12,0.1
2004,9,13,1.4
2004,9,14,18.5
2004,9,15,27.1
2004,9,16,47.8
2004,9,17,0.0
2004,9,18,0.0
2004,9,19,0.0
2004,9,20,0.4
2004,9,21,40.4
2004,9,22,0.0
2004,9,23,0.0
2004,9,24,0.0
2004,9,25,0.0
2004,9,26,0.9
2004,9,27,7.7
2004,9,28,4.3
2004,9,29,22.7
2004,9,30,3.0
2004,10,1,0.0
2004,10,2,0.0
2004,10,3,2.1
2004,10,4,0.0
2004,10,5,0.0
2004,10,6,0.0
2004,10,7,0.0
2004,10,8,77.2
2004,10,9,0.1
2004,10,10,40.6
2004,10,11,0.0
2004,10,12,0.0
2004,10,13,0.0
2004,10,14,0.0
2004,10,15,0.0
2004,10,16,0.0
2004,10,17,0.0
2004,10,18,12.6
2004,10,19,54.2
2004,10,20,17.0
2004,10,21,9.2
2004,10,22,37.6
2004,10,23,7.0
2004,10,24,9.1
2004,10,25,14.2
2004,10,26,0.0
2004,10,27,9.5
2004,10,28,2.3
2004,10,29,14.5
2004,10,30,15.0
2004,10,31,0.0
2004,11,1,3.1
2004,11,2,4.6
2004,11,3,31.5
2004,11,4,14.9
2004,11,5,0.7
2004,11,6,0.0
2004,11,7,2.7
2004,11,8,0.6
2004,11,9,1.5
2004,11,10,0.0
2004,11,11,1.5
2004,11,12,2.1
2004,11,13,11.8
2004,11,14,10.8
2004,11,15,0.0
2004,11,16,8.2
2004,11,17,15.0
2004,11,18,0.0
2004,11,19,23.8
2004,11,20,0.0
2004,11,21,37.1
2004,11,22,0.0
2004,11,23,3.3
2004,11,24,30.2
2004,11,25,5.9
2004,11,26,2.2
2004,11,27,11.0
2004,11,28,24.4
2004,11,29,0.0
2004,11,30,0.9
2004,12,1,0.0
2004,12,2,0.0
2004,12,3,0.0
2004,12,4,0.0
2004,12,5,0.1
2004,12,6,2.8
2004,12,7,1.1
2004,12,8,0.0
2004,12,9,0.0
2004,12,10,86.4
2004,12,11,17.3
2004,12,12,7.0
2004,12,13,1.1
2004,12,14,0.4
2004,12,15,1.4
2004,12,16,14.7
2004,12,17,70.4
2004,12,18,9.9
2004,12,19,0.0
2004,12,20,0.0
2004,12,21,0.0
2004,12,22,0.0
2004,12,23,0.0
2004,12,24,0.0
2004,12,25,0.2
2004,12,26,0.0
2004,12,27,0.0
2004,12,28,13.9
2004,12,29,0.0
2004,12,30,17.4
2004,12,31,32.4
2005,1,1,23.0
2005,1,2,73.4
2005,1,3,0.5
2005,1,4,18.7
2005,1,5,2.3
2005,1,6,0.0
2005,1,7,12.7
2005,1,8,8.1
2005,1,9,1.6
2005,1,10,0.0
2005,1,11,0.0
2005,1,12,0.0
2005,1,13,0.0
2005,1,14,0.0
2005,1,15,0.0
2005,1,16,0.0
2005,1,17,0.4
2005,1,18,0.0
2005,1,19,0.0
2005,1,20,0.0
2005,1,21,0.0
2005,1,22,0.0
2005,1,23,0.0
2005,1,24,0.0
2005,1,25,0.0
2005,1,26,0.0
2005,1,27,0.0
2005,1,28,0.0
2005,1,29,0.0
2005,1,30,0.0
2005,1,31,0.0
2005,2,1,0.7
2005,2,2,0.0
2005,2,3,0.0
2005,2,4,11.1
2005,2,5,2.3
2005,2,6,0.0
2005,2,7,0.0
2005,2,8,0.0
2005,2,9,0.0
2005,2,10,10.3
2005,2,11,0.0
2005,2,12,0.0
2005,2,13,0.0
2005,2,14,0.0
2005,2,15,0.0
2005,2,16,1.7
2005,2,17,0.0
2005,2,18,1.5
2005,2,19,0.0
2005,2,20,0.4
2005,2,21,0.0
2005,2,22,0.0
2005,2,23,0.0
2005,2,24,0.1
2005,2,25,0.0
2005,2,26,88.1
2005,2,27,5.9
2005,2,28,3.1
2005,3,1,8.3
2005,3,2,10.4
2005,3,3,7.7
2005,3,4,0.0
2005,3,5,0.0
2005,3,6,8.1
2005,3,7,0.1
2005,3,8,0.0
2005,3,9,0.0
2005,3,10,0.0
2005,3,11,0.0
2005,3,12,16.2
2005,3,13,0.0
2005,3,14,0.0
2005,3,15,0.0
2005,3,16,0.0
2005,3,17,0.0
2005,3,18,0.0
2005,3,19,0.0
2005,3,20,0.0
2005,3,21,0.3
2005,3,22,36.7
2005,3,23,0.0
2005,3,24,0.0
2005,3,25,9.9
2005,3,26,3.0
2005,3,27,39.4
2005,3,28,0.0
2005,3,29,0.1
2005,3,30,0.0
2005,3,31,1.8
2005,4,1,3.0
2005,4,2,3.5
2005,4,3,39.3
2005,4,4,59.5
2005,4,5,0.1
2005,4,6,7.8
2005,4,7,0.0
2005,4,8,0.5
2005,4,9,0.0
2005,4,10,0.0
2005,4,11,0.0
2005,4,12,0.0
2005,4,13,0.0
2005,4,14,1.3
2005,4,15,24.5
2005,4,16,41.1
2005,4,17,0.0
2005,4,18,50.6
2005,4,19,0.0
2005,4,20,0.0
2005,4,21,17.7
2005,4,22,3.9
2005,4,23,0.0
2005,4,24,0.1
2005,4,25,0.0
2005,4,26,0.0
2005,4,27,1.8
2005,4,28,45.2
2005,4,29,0.0
2005,4,30,0.0
2005,5,1,0.7
2005,5,2,4.2
2005,5,3,1.8
2005,5,4,0.0
2005,5,5,2.5
2005,5,6,26.4
2005,5,7,14.5
2005,5,8,62.7
2005,5,9,0.0
2005,5,10,26.8
2005,5,11,22.5
2005,5,12,0.6
2005,5,13,0.0
2005,5,14,19.1
2005,5,15,8.2
2005,5,16,1.6
2005,5,17,20.5
2005,5,18,0.8
2005,5,19,2.2
2005,5,20,0.0
2005,5,21,17.3
2005,5,22,0.0
2005,5,23,0.0
2005,5,24,35.0
2005,5,25,6.8
2005,5,26,0.7
2005,5,27,0.6
2005,5,28,0.0
2005,5,29,61.6
2005,5,30,0.0
2005,5,31,0.0
2005,6,1,0.0
2005,6,2,0.0
2005,6,3,0.0
2005,6,4,0.2
2005,6,5,0.5
2005,6,6,1.1
2005,6,7,0.3
2005,6,8,0.2
2005,6,9,6.6
2005,6,10,0.0
2005,6,11,1.3
2005,6,12,13.4
2005,6,13,0.8
2005,6,14,3.7
2005,6,15,30.2
2005,6,16,0.0
2005,6,17,0.5
2005,6,18,0.0
2005,6,19,9.3
2005,6,20,6.9
2005,6,21,0.7
2005,6,22,0.0
2005,6,23,0.0
2005,6,24,1.9
2005,6,25,3.0
2005,6,26,0.0
2005,6,27,0.0
2005,6,28,0.0
2005,6,29,0.3
2005,6,30,3.9
2005,7,1,0.0
2005,7,2,0.0
2005,7,3,0.2
2005,7,4,0.1
2005,7,5,0.0
2005,7,6,0.0
2005,7,7,0.0
2005,7,8,0.0
2005,7,9,0.0
2005,7,10,11.3
2005,7,11,4.3
2005,7,12,34.5
2005,7,13,0.0
2005,7,14,1.6
2005,7,15,24.2
2005,7,16,7.4
2005,7,17,0.0
2005,7,18,76.9
2005,7,19,2.6
2005,7,20,0.0
2005,7,21,0.0
2005,7,22,0.0
2005,7,23,3.1
2005,7,24,26.2
2005,7,25,46.5
2005,7,26,1.9
2005,7,27,0.0
2005,7,28,0.0
2005,7,29,0.0
2005,7,30,20.7
2005,7,31,0.0
2005,8,1,0.0
2005,8,2,13.8
2005,8,3,0.4
2005,8,4,31.7
2005,8,5,0.0
2005,8,6,0.0
2005,8,7,0.7
2005,8,8,0.0
2005,8,9,0.0
2005,8,10,0.0
2005,8,11,9.7
2005,8,12,0.0
2005,8,13,0.0
2005,8,14,0.0
2005,8,15,0.0
2005,8,16,0.0
2005,8,17,2.2
2005,8,18,6.4
2005,8,19,0.0
2005,8,20,6.9
2005,8,21,45.7
2005,8,22,0.0
2005,8,23,34.1
2005,8,24,0.0
2005,8,25,1.0
2005,8,26,0.0
2005,8,27,0.0
2005,8,28,0.0
2005,8,29,2.7
2005,8,30,1.4
2005,8,31,0.0
2005,9,1,0.0
2005,9,2,3.4
2005,9,3,1.7
2005,9,4,20.6
2005,9,5,0.0
2005,9,6,0.0
2005,9,7,28.5
2005,9,8,0.5
2005,9,9,0.0
2005,9,10,0.0
2005,9,11,0.0
2005,9,12,0.0
2005,9,13,0.4
2005,9,14,0.0
2005,9,15,41.6
2005,9,16,0.2
2005,9,17,35.4
2005,9,18,4.8
2005,9,19,5.7
2005,9,20,12.8
2005,9,21,14.5
2005,9,22,14.2
2005,9,23,0.0
2005,9,24,2.5
2005,9,25,0.0
2005,9,26,0.0
2005,9,27,0.0
2005,9,28,0.5
2005,9,29,0.2
2005,9,30,8.5
2005,10,1,0.0
2005,10,2,2.0
2005,10,3,62.4
2005,10,4,35.4
2005,10,5,0.0
2005,10,6,7.8
2005,10,7,0.0
2005,10,8,1.1
2005,10,9,1.2
2005,10,10,0.0
2005,10,11,0.0
2005,10,12,3.3
2005,10,13,4.2
2005,10,14,4.0
2005,10,15,0.0
2005,10,16,52.7
2005,10,17,0.0
2005,10,18,0.1
2005,10,19,9.5
2005,10,20,1.8
2005,10,21,1.0
2005,10,22,3.6
2005,10,23,0.0
2005,10,24,0.7
2005,10,25,78.1
2005,10,26,0.7
2005,10,27,23.7
2005,10,28,0.0
2005,10,29,0.4
2005,10,30,0.0
2005,10,31,4.0
2005,11,1,1.0
2005,11,2,40.0
2005,11,3,29.3
2005,11,4,3.2
2005,11,5,6.9
2005,11,6,0.7
2005,11,7,0.2
2005,11,8,0.2
2005,11,9,0.4
2005,11,10,0.1
2005,11,11,33.1
2005,11,12,0.0
2005,11,13,0.0
2005,11,14,0.0
2005,11,15,0.0
2005,11,16,28.4
2005,11,17,0.2
2005,11,18,3.9
2005,11,19,1.1
2005,11,20,0.4
2005,11,21,7.3
2005,11,22,58.8
2005,11,23,0.4
2005,11,24,0.3
2005,11,25,1.7
2005,11,26,7.2
2005,11,27,0.0
2005,11,28,0.5
2005,11,29,53.7
2005,11,30,0.8
2005,12,1,1.7
2005,12,2,5.3
2005,12,3,0.0
2005,12,4,0.0
2005,12,5,0.1
2005,12,6,0.0
2005,12,7,73.1
2005,12,8,0.5
2005,12,9,2.1
2005,12,10,8.2
2005,12,11,1.4
2005,12,12,4.9
2005,12,13,0.4
2005,12,14,0.0
2005,12,15,0.0
2005,12,16,0.0
2005,12,17,0.0
2005,12,18,0.8
2005,12,19,0.3
2005,12,20,0.6
2005,12,21,0.0
2005,12,22,10.1
2005,12,23,0.5
2005,12,24,62.5
2005,12,25,0.3
2005,12,26,0.0
2005,12,27,27.6
2005,12,28,6.5
2005,12,29,4.4
2005,12,30,0.0
2005,12,31,88.1
2006,1,1,28.2
2006,1,2,0.4
2006,1,3,0.0
2006,1,4,58.3
2006,1,5,26.5
2006,1,6,6.8
2006,1,7,116.8
2006,1,8,111.9
2006,1,9,19.6
2006,1,10,13.4
2006,1,11,27.3
2006,1,12,13.2
2006,1,13,1.4
2006,1,14,0.2
2006,1,15,3.8
2006,1,16,0.0
2006,1,17,4.6
2006,1,18,2.9
2006,1,19,0.0
2006,1,20,0.0
2006,1,21,3.2
2006,1,22,3.8
2006,1,23,0.0
2006,1,24,1.9
2006,1,25,0.0
2006,1,26,0.0
2006,1,27,0.0
2006,1,28,0.0
2006,1,29,0.0
2006,1,30,0.0
2006,1,31,0.0
2006,2,1,0.0
2006,2,2,0.0
2006,2,3,0.0
2006,2,4,0.5
2006,2,5,4.6
2006,2,6,1.8
2006,2,7,0.0
2006,2,8,0.0
2006,2,9,8.2
2006,2,10,0.5
2006,2,11,0.0
2006,2,12,0.0
2006,2,13,0.0
2006,2,14,0.0
2006,2,15,1.1
2006,2,16,0.6
2006,2,17,7.3
2006,2,18,13.4
2006,2,19,0.0
2006,2,20,0.0
2006,2,21,0.0
2006,2,22,0.7
2006,2,23,0.1
2006,2,24,2.8
2006,2,25,0.0
2006,2,26,0.0
2006,2,27,8.5
2006,2,28,0.0
2006,3,1,0.0
2006,3,2,0.0
2006,3,3,0.0
2006,3,4,0.0
2006,3,5,13.4
2006,3,6,0.0
2006,3,7,0.1
2006,3,8,0.0
2006,3,9,3.6
2006,3,10,0.0
2006,3,11,0.0
2006,3,12,0.0
2006,3,13,0.0
2006,3,14,0.0
2006,3,15,0.0
2006,3,16,0.0
2006,3,17,1.3
2006,3,18,0.0
2006,3,19,0.0
2006,3,20,0.5
2006,3,21,0.0
2006,3,22,5.4
2006,3,23,0.2
2006,3,24,0.0
2006,3,25,0.0
2006,3,26,8.1
2006,3,27,1.6
2006,3,28,0.0
2006,3,29,43.6
2006,3,30,6.0
2006,3,31,13.3
2006,4,1,0.0
2006,4,2,0.0
2006,4,3,6.2
2006,4,4,0.0
2006,4,5,1.3
2006,4,6,28.7
2006,4,7,0.0
2006,4,8,56.7
2006,4,9,0.0
2006,4,10,3.7
2006,4,11,8.2
2006,4,12,0.3
2006,4,13,0.2
2006,4,14,76.8
2006,4,15,49.0
2006,4,16,2.5
2006,4,17,116.1
2006,4,18,10.6
2006,4,19,3.0
2006,4,20,0.0
2006,4,21,1.8
2006,4,22,1.0
2006,4,23,0.0
2006,4,24,5.0
2006,4,25,0.0
2006,4,26,0.8
2006,4,27,2.0
2006,4,28,0.0
2006,4,29,0.0
2006,4,30,1.2
2006,5,1,0.0
2006,5,2,0.0
2006,5,3,0.7
2006,5,4,40.3
2006,5,5,13.2
2006,5,6,94.0
2006,5,7,0.0
2006,5,8,0.0
2006,5,9,0.4
2006,5,10,0.0
2006,5,11,18.2
2006,5,12,0.6
2006,5,13,0.2
2006,5,14,0.0
2006,5,15,0.0
2006,5,16,0.0
2006,5,17,0.0
2006,5,18,0.0
2006,5,19,0.3
2006,5,20,0.0
2006,5,21,0.0
2006,5,22,28.4
2006,5,23,0.0
2006,5,24,0.0
2006,5,25,2.8
2006,5,26,11.7
2006,5,27,0.0
2006,5,28,21.8
2006,5,29,0.0
2006,5,30,31.5
2006,5,31,0.0
2006,6,1,49.1
2006,6,2,0.0
2006,6,3,0.0
2006,6,4,0.0
2006,6,5,0.0
2006,6,6,96.1
2006,6,7,5.9
2006,6,8,18.7
2006,6,9,19.9
2006,6,10,6.3
2006,6,11,63.4
2006,6,12,0.0
2006,6,13,0.0
2006,6,14,0.6
2006,6,15,0.0
2006,6,16,3.3
2006,6,17,0.0
2006,6,18,1.2
2006,6,19,18.2
2006,6,20,1.1
2006,6,21,0.0
2006,6,22,0.0
2006,6,23,1.1
2006,6,24,3.6
2006,6,25,9.4
2006,6,26,0.0
2006,6,27,0.0
2006,6,28,0.0
2006,6,29,0.0
2006,6,30,0.0
2006,7,1,0.0
2006,7,2,13.0
2006,7,3,0.0
2006,7,4,0.0
2006,7,5,9.0
2006,7,6,6.5
2006,7,7,0.0
2006,7,8,0.0
2006,7,9,30.3
2006,7,10,1.6
2006,7,11,13.5
2006,7,12,0.8
2006,7,13,6.0
2006,7,14,36.3
2006,7,15,2.7
2006,7,16,1.5
2006,7,17,11.0
2006,7,18,0.0
2006,7,19,10.3
2006,7,20,0.0
2006,7,21,0.0
2006,7,22,0.0
2006,7,23,0.0
2006,7,24,2.1
2006,7,25,0.0
2006,7,26,0.0
2006,7,27,0.0
2006,7,28,24.1
2006,7,29,10.9
2006,7,30,3.9
2006,7,31,0.1
2006,8,1,0.0
2006,8,2,0.0
2006,8,3,0.0
2006,8,4,0.0
2006,8,5,0.0
2006,8,6,0.0
2006,8,7,11.8
2006,8,8,2.1
2006,8,9,22.7
2006,8,10,0.0
2006,8,11,0.8
2006,8,12,0.0
2006,8,13,0.0
2006,8,14,0.8
2006,8,15,54.7
2006,8,16,0.0
2006,8,17,0.0
2006,8,18,0.0
2006,8,19,0.0
2006,8,20,0.0
2006,8,21,0.0
2006,8,22,0.0
2006,8,23,0.0
2006,8,24,0.0
2006,8,25,0.0
2006,8,26,1.3
2006,8,27,10.6
2006,8,28,0.0
2006,8,29,0.0
2006,8,30,8.6
2006,8,31,10.8
2006,9,1,0.0
2006,9,2,0.0
2006,9,3,0.0
2006,9,4,7.4
2006,9,5,2.9
2006,9,6,0.0
2006,9,7,0.0
2006,9,8,8.2
2006,9,9,0.0
2006,9,10,0.2
2006,9,11,0.3
2006,9,12,0.0
2006,9,13,0.6
2006,9,14,5.3
2006,9,15,20.0
2006,9,16,25.9
2006,9,17,3.1
2006,9,18,1.6
2006,9,19,0.0
2006,9,20,0.0
2006,9,21,0.0
2006,9,22,0.0
2006,9,23,0.0
2006,9,24,4.7
2006,9,25,0.0
2006,9,26,0.0
2006,9,27,0.0
2006,9,28,5.3
2006,9,29,0.0
2006,9,30,1.3
2006,10,1,0.0
2006,10,2,0.0
2006,10,3,0.0
2006,10,4,0.0
2006,10,5,0.0
2006,10,6,0.0
2006,10,7,0.0
2006,10,8,0.0
2006,10,9,0.0
2006,10,10,0.0
2006,10,11,0.2
2006,10,12,0.0
2006,10,13,0.0
2006,10,14,0.0
2006,10,15,0.0
2006,10,16,0.0
2006,10,17,0.0
2006,10,18,0.0
2006,10,19,0.0
2006,10,20,0.0
2006,10,21,0.0
2006,10,22,21.1
2006,10,23,5.7
2006,10,24,7.1
2006,10,25,52.8
2006,10,26,7.4
2006,10,27,0.9
2006,10,28,0.0
2006,10,29,0.0
2006,10,30,2.0
2006,10,31,2.5
2006,11,1,21.1
2006,11,2,0.6
2006,11,3,6.1
2006,11,4,0.0
2006,11,5,1.1
2006,11,6,1.0
2006,11,7,0.1
2006,11,8,0.0
2006,11,9,67.9
2006,11,10,5.7
2006,11,11,10.2
2006,11,12,0.0
2006,11,13,1.9
2006,11,14,0.0
2006,11,15,14.5
2006,11,16,4.5
2006,11,17,9.7
2006,11,18,4.0
2006,11,19,38.1
2006,11,20,17.6
2006,11,21,42.4
2006,11,22,9.3
2006,11,23,58.6
2006,11,24,16.9
2006,11,25,8.8
2006,11,26,0.0
2006,11,27,19.8
2006,11,28,0.0
2006,11,29,1.7
2006,11,30,28.7
2006,12,1,0.3
2006,12,2,1.3
2006,12,3,0.0
2006,12,4,0.0
2006,12,5,0.3
2006,12,6,1.3
2006,12,7,9.4
2006,12,8,6.6
2006,12,9,4.2
2006,12,10,0.0
2006,12,11,2.5
2006,12,12,0.0
2006,12,13,40.9
2006,12,14,4.3
2006,12,15,1.6
2006,12,16,25.6
2006,12,17,51.1
2006,12,18,169.5
2006,12,19,89.1
2006,12,20,21.8
2006,12,21,2.3
2006,12,22,1.6
2006,12,23,1.5
2006,12,24,3.8
2006,12,25,44.2
2006,12,26,73.1
2006,12,27,15.9
2006,12,28,5.5
2006,12,29,0.1
2006,12,30,0.0
2006,12,31,0.0
2007,1,1,0.3
2007,1,2,0.0
2007,1,3,35.2
2007,1,4,14.9
2007,1,5,10.6
2007,1,6,0.0
2007,1,7,0.0
2007,1,8,1.0
2007,1,9,15.7
2007,1,10,0.6
2007,1,11,98.7
2007,1,12,95.1
2007,1,13,0.3
2007,1,14,1.8
2007,1,15,2.0
2007,1,16,0.4
2007,1,17,0.2
2007,1,18,11.8
2007,1,19,0.1
2007,1,20,11.8
2007,1,21,6.8
2007,1,22,0.0
2007,1,23,0.1
2007,1,24,0.9
2007,1,25,0.0
2007,1,26,27.5
2007,1,27,41.8
2007,1,28,1.8
2007,1,29,0.0
2007,1,30,0.0
2007,1,31,0.0
2007,2,1,0.0
2007,2,2,0.0
2007,2,3,0.0
2007,2,4,0.0
2007,2,5,0.4
2007,2,6,0.0
2007,2,7,0.0
2007,2,8,0.0
2007,2,9,0.0
2007,2,10,0.0
2007,2,11,0.0
2007,2,12,74.7
2007,2,13,30.3
2007,2,14,1.0
2007,2,15,0.3
2007,2,16,9.5
2007,2,17,9.9
2007,2,18,12.8
2007,2,19,2.0
2007,2,20,0.0
2007,2,21,0.5
2007,2,22,39.5
2007,2,23,0.1
2007,2,24,14.4
2007,2,25,6.8
2007,2,26,38.9
2007,2,27,0.0
2007,2,28,52.0
2007,3,1,10.9
2007,3,2,2.6
2007,3,3,13.1
2007,3,4,0.0
2007,3,5,0.2
2007,3,6,7.0
2007,3,7,0.0
2007,3,8,0.0
2007,3,9,0.0
2007,3,10,0.0
2007,3,11,0.0
2007,3,12,0.0
2007,3,13,63.4
2007,3,14,29.1
2007,3,15,8.5
2007,3,16,0.0
2007,3,17,0.0
2007,3,18,0.0
2007,3,19,0.2
2007,3,20,13.1
2007,3,21,5.0
2007,3,22,0.5
2007,3,23,0.0
2007,3,24,3.1
2007,3,25,5.5
2007,3,26,0.5
2007,3,27,0.0
2007,3,28,0.0
2007,3,29,17.7
2007,3,30,69.1
2007,3,31,54.5
2007,4,1,0.1
2007,4,2,0.0
2007,4,3,16.8
2007,4,4,14.3
2007,4,5,0.0
2007,4,6,0.4
2007,4,7,76.7
2007,4,8,0.7
2007,4,9,22.9
2007,4,10,0.4
2007,4,11,18.8
2007,4,12,15.9
2007,4,13,46.5
2007,4,14,10.7
2007,4,15,0.4
2007,4,16,0.2
2007,4,17,0.0
2007,4,18,64.1
2007,4,19,0.0
2007,4,20,18.9
2007,4,21,2.6
2007,4,22,16.6
2007,4,23,52.4
2007,4,24,1.8
2007,4,25,52.9
2007,4,26,4.3
2007,4,27,54.5
2007,4,28,19.9
2007,4,29,22.2
2007,4,30,4.6
2007,5,1,28.3
2007,5,2,1.7
2007,5,3,80.4
2007,5,4,3.1
2007,5,5,0.0
2007,5,6,0.0
2007,5,7,0.0
2007,5,8,0.0
2007,5,9,8.2
2007,5,10,41.5
2007,5,11,3.6
2007,5,12,0.0
2007,5,13,1.9
2007,5,14,7.5
2007,5,15,1.1
2007,5,16,0.0
2007,5,17,5.5
2007,5,18,0.1
2007,5,19,0.0
2007,5,20,0.0
2007,5,21,0.0
2007,5,22,10.4
2007,5,23,1.1
2007,5,24,0.0
2007,5,25,19.0
2007,5,26,0.0
2007,5,27,0.4
2007,5,28,0.0
2007,5,29,7.1
2007,5,30,0.0
2007,5,31,3.4
2007,6,1,50.9
2007,6,2,0.0
2007,6,3,0.0
2007,6,4,0.1
2007,6,5,0.0
2007,6,6,0.0
2007,6,7,0.0
2007,6,8,0.1
2007,6,9,0.6
2007,6,10,0.0
2007,6,11,2.6
2007,6,12,31.1
2007,6,13,0.0
2007,6,14,0.0
2007,6,15,6.4
2007,6,16,19.0
2007,6,17,5.8
2007,6,18,0.0
2007,6,19,40.8
2007,6,20,0.0
2007,6,21,0.0
2007,6,22,0.0
2007,6,23,0.0
2007,6,24,0.0
2007,6,25,121.5
2007,6,26,0.0
2007,6,27,0.0
2007,6,28,1.1
2007,6,29,1.1
2007,6,30,0.0
2007,7,1,0.1
2007,7,2,0.0
2007,7,3,0.0
2007,7,4,0.0
2007,7,5,0.7
2007,7,6,25.9
2007,7,7,6.0
2007,7,8,71.0
2007,7,9,0.0
2007,7,10,0.0
2007,7,11,5.9
2007,7,12,0.0
2007,7,13,0.0
2007,7,14,0.0
2007,7,15,0.0
2007,7,16,0.0
2007,7,17,0.6
2007,7,18,13.1
2007,7,19,129.5
2007,7,20,10.4
2007,7,21,47.7
2007,7,22,23.9
2007,7,23,0.6
2007,7,24,0.2
2007,7,25,0.0
2007,7,26,6.0
2007,7,27,13.1
2007,7,28,0.4
2007,7,29,7.8
2007,7,30,0.2
2007,7,31,0.0
2007,8,1,4.1
2007,8,2,0.0
2007,8,3,0.0
2007,8,4,0.0
2007,8,5,0.0
2007,8,6,0.0
2007,8,7,0.0
2007,8,8,12.6
2007,8,9,0.0
2007,8,10,0.0
2007,8,11,0.6
2007,8,12,24.4
2007,8,13,0.0
2007,8,14,0.0
2007,8,15,0.0
2007,8,16,32.9
2007,8,17,25.4
2007,8,18,34.6
2007,8,19,9.1
2007,8,20,0.6
2007,8,21,0.0
2007,8,22,2.0
2007,8,23,2.3
2007,8,24,7.5
2007,8,25,0.0
2007,8,26,0.0
2007,8,27,0.9
2007,8,28,61.3
2007,8,29,2.9
2007,8,30,17.5
2007,8,31,0.0
2007,9,1,0.5
2007,9,2,29.8
2007,9,3,13.1
2007,9,4,0.0
2007,9,5,0.0
2007,9,6,0.2
2007,9,7,17.3
2007,9,8,4.1
2007,9,9,16.3
2007,9,10,11.5
2007,9,11,0.6
2007,9,12,0.0
2007,9,13,0.0
2007,9,14,18.6
2007,9,15,26.9
2007,9,16,0.9
2007,9,17,0.0
2007,9,18,0.0
2007,9,19,0.0
2007,9,20,0.0
2007,9,21,0.0
2007,9,22,0.0
2007,9,23,6.7
2007,9,24,0.3
2007,9,25,0.0
2007,9,26,35.7
2007,9,27,21.1
2007,9,28,0.0
2007,9,29,0.0
2007,9,30,0.0
2007,10,1,0.0
2007,10,2,0.0
2007,10,3,0.0
2007,10,4,0.0
2007,10,5,0.0
2007,10,6,0.3
2007,10,7,13.2
2007,10,8,26.0
2007,10,9,0.0
2007,10,10,0.0
2007,10,11,0.0
2007,10,12,0.1
2007,10,13,2.5
2007,10,14,0.0
2007,10,15,27.3
2007,10,16,4.0
2007,10,17,0.0
2007,10,18,0.5
2007,10,19,22.2
2007,10,20,13.2
2007,10,21,0.3
2007,10,22,38.7
2007,10,23,0.0
2007,10,24,0.0
2007,10,25,0.0
2007,10,26,0.1
2007,10,27,0.6
2007,10,28,35.9
2007,10,29,0.0
2007,10,30,27.0
2007,10,31,0.8
2007,11,1,0.0
2007,11,2,0.0
2007,11,3,0.0
2007,11,4,53.4
2007,11,5,0.2
2007,11,6,19.9
2007,11,7,4.9
2007,11,8,1.2
2007,11,9,24.0
2007,11,10,0.0
2007,11,11,0.0
2007,11,12,39.8
2007,11,13,87.4
2007,11,14,6.6
2007,11,15,0.0
2007,11,16,2.2
2007,11,17,0.0
2007,11,18,0.6
2007,11,19,7.0
2007,11,20,10.1
2007,11,21,0.5
2007,11,22,0.0
2007,11,23,0.0
2007,11,24,0.6
2007,11,25,0.0
2007,11,26,17.6
2007,11,27,5.8
2007,11,28,7.4
2007,11,29,0.0
2007,11,30,0.0
2007,12,1,0.0
2007,12,2,0.0
2007,12,3,0.0
2007,12,4,0.0
2007,12,5,101.0
2007,12,6,5.4
2007,12,7,25.2
2007,12,8,0.6
2007,12,9,31.8
2007,12,10,15.0
2007,12,11,60.8
2007,12,12,1.6
2007,12,13,0.6
2007,12,14,14.0
2007,12,15,38.4
2007,12,16,10.4
2007,12,17,8.8
2007,12,18,54.2
2007,12,19,21.1
2007,12,20,16.3
2007,12,21,21.8
2007,12,22,24.9
2007,12,23,7.7
2007,12,24,0.0
2007,12,25,0.0
2007,12,26,0.1
2007,12,27,0.0
2007,12,28,0.0
2007,12,29,0.1
2007,12,30,2.4
2007,12,31,0.0
2008,1,1,0.0
2008,1,2,0.2
2008,1,3,0.1
2008,1,4,2.2
2008,1,5,14.5
2008,1,6,0.0
2008,1,7,0.0
2008,1,8,1.7
2008,1,9,2.1
2008,1,10,3.2
2008,1,11,0.0
2008,1,12,0.0
2008,1,13,0.0
2008,1,14,31.3
2008,1,15,7.5
2008,1,16,0.0
2008,1,17,0.7
2008,1,18,0.2
2008,1,19,0.0
2008,1,20,14.7
2008,1,21,0.0
2008,1,22,0.0
2008,1,23,0.0
2008,1,24,12.4
2008,1,25,0.0
2008,1,26,0.5
2008,1,27,43.5
2008,1,28,0.5
2008,1,29,16.9
2008,1,30,0.0
2008,1,31,0.8
2008,2,1,2.9
2008,2,2,2.0
2008,2,3,5.6
2008,2,4,0.0
2008,2,5,0.0
2008,2,6,0.0
2008,2,7,0.0
2008,2,8,7.7
2008,2,9,0.0
2008,2,10,0.0
2008,2,11,0.0
2008,2,12,0.0
2008,2,13,0.0
2008,2,14,0.0
2008,2,15,0.0
2008,2,16,0.0
2008,2,17,0.0
2008,2,18,0.0
2008,2,19,0.0
2008,2,20,0.0
2008,2,21,0.0
2008,2,22,0.0
2008,2,23,0.0
2008,2,24,0.0
2008,2,25,46.4
2008,2,26,0.0
2008,2,27,0.0
2008,2,28,5.2
2008,2,29,0.3
2008,3,1,5.2
2008,3,2,3.2
2008,3,3,22.9
2008,3,4,0.6
2008,3,5,4.4
2008,3,6,3.8
2008,3,7,0.0
2008,3,8,0.0
2008,3,9,11.0
2008,3,10,6.1
2008,3,11,17.0
2008,3,12,27.0
2008,3,13,24.7
2008,3,14,3.4
2008,3,15,0.1
2008,3,16,1.8
2008,3,17,0.1
2008,3,18,13.8
2008,3,19,46.6
2008,3,20,0.3
2008,3,21,2.4
2008,3,22,53.8
2008,3,23,0.0
2008,3,24,63.5
2008,3,25,0.5
2008,3,26,0.1
2008,3,27,0.0
2008,3,28,9.2
2008,3,29,1.3
2008,3,30,0.0
2008,3,31,0.0
2008,4,1,0.0
2008,4,2,4.7
2008,4,3,112.9
2008,4,4,0.0
2008,4,5,0.0
2008,4,6,0.0
2008,4,7,0.6
2008,4,8,24.2
2008,4,9,0.0
2008,4,10,31.2
2008,4,11,0.3
2008,4,12,19.3
2008,4,13,0.0
2008,4,14,4.7
2008,4,15,2.3
2008,4,16,0.2
2008,4,17,21.1
2008,4,18,7.5
2008,4,19,0.0
2008,4,20,0.0
2008,4,21,50.9
2008,4,22,0.6
2008,4,23,0.0
2008,4,24,5.0
2008,4,25,0.0
2008,4,26,0.0
2008,4,27,0.0
2008,4,28,0.0
2008,4,29,0.0
2008,4,30,9.4
2008,5,1,0.0
2008,5,2,0.0
2008,5,3,0.0
2008,5,4,0.0
2008,5,5,0.0
2008,5,6,0.0
2008,5,7,2.5
2008,5,8,5.2
2008,5,9,2.4
2008,5,10,36.9
2008,5,11,1.4
2008,5,12,0.0
2008,5,13,0.0
2008,5,14,16.2
2008,5,15,0.0
2008,5,16,0.0
2008,5,17,0.0
2008,5,18,0.0
2008,5,19,0.0
2008,5,20,0.0
2008,5,21,0.0
2008,5,22,1.4
2008,5,23,0.0
2008,5,24,0.0
2008,5,25,1.7
2008,5,26,34.4
2008,5,27,0.6
2008,5,28,2.3
2008,5,29,18.2
2008,5,30,0.3
2008,5,31,54.0
2008,6,1,25.3
2008,6,2,0.0
2008,6,3,15.6
2008,6,4,0.0
2008,6,5,2.7
2008,6,6,0.0
2008,6,7,104.6
2008,6,8,0.0
2008,6,9,0.0
2008,6,10,2.7
2008,6,11,6.4
2008,6,12,0.0
2008,6,13,3.1
2008,6,14,0.0
2008,6,15,0.0
2008,6,16,0.0
2008,6,17,0.0
2008,6,18,68.5
2008,6,19,2.9
2008,6,20,0.0
2008,6,21,34.7
2008,6,22,7.2
2008,6,23,0.0
2008,6,24,0.1
2008,6,25,0.0
2008,6,26,0.0
2008,6,27,0.0
2008,6,28,0.0
2008,6,29,0.3
2008,6,30,8.5
2008,7,1,0.0
2008,7,2,0.0
2008,7,3,0.7
2008,7,4,0.0
2008,7,5,12.8
2008,7,6,6.4
2008,7,7,0.0
2008,7,8,49.8
2008,7,9,1.2
2008,7,10,5.1
2008,7,11,0.0
2008,7,12,0.0
2008,7,13,0.0
2008,7,14,94.0
2008,7,15,0.0
2008,7,16,0.0
2008,7,17,0.0
2008,7,18,0.0
2008,7,19,3.9
2008,7,20,0.0
2008,7,21,43.4
2008,7,22,1.0
2008,7,23,0.7
2008,7,24,51.1
2008,7,25,5.5
2008,7,26,0.0
2008,7,27,0.0
2008,7,28,0.0
2008,7,29,0.0
2008,7,30,0.0
2008,7,31,0.0
2008,8,1,0.0
2008,8,2,0.0
2008,8,3,0.0
2008,8,4,0.0
2008,8,5,0.0
2008,8,6,0.0
2008,8,7,20.7
2008,8,8,0.0
2008,8,9,0.0
2008,8,10,5.8
2008,8,11,0.1
2008,8,12,3.2
2008,8,13,0.0
2008,8,14,0.0
2008,8,15,0.0
2008,8,16,0.0
2008,8,17,3.3
2008,8,18,27.0
2008,8,19,0.2
2008,8,20,0.0
2008,8,21,3.5
2008,8,22,14.4
2008,8,23,12.5
2008,8,24,114.1
2008,8,25,0.0
2008,8,26,0.6
2008,8,27,
2008,8,28,
2008,8,29,0.0
2008,8,30,2.3
2008,8,31,0.0
2008,9,1,0.0
2008,9,2,4.3
2008,9,3,50.4
2008,9,4,57.5
2008,9,5,3.1
2008,9,6,20.0
2008,9,7,0.0
2008,9,8,1.6
2008,9,9,0.0
2008,9,10,0.0
2008,9,11,6.2
2008,9,12,36.5
2008,9,13,0.4
2008,9,14,17.0
2008,9,15,0.1
2008,9,16,0.0
2008,9,17,0.0
2008,9,18,0.0
2008,9,19,0.0
2008,9,20,0.0
2008,9,21,4.3
2008,9,22,0.0
2008,9,23,8.5
2008,9,24,11.9
2008,9,25,0.0
2008,9,26,98.2
2008,9,27,0.0
2008,9,28,0.2
2008,9,29,0.0
2008,9,30,50.4
2008,10,1,0.0
2008,10,2,0.0
2008,10,3,0.6
2008,10,4,0.5
2008,10,5,3.5
2008,10,6,0.6
2008,10,7,76.5
2008,10,8,19.8
2008,10,9,1.7
2008,10,10,0.0
2008,10,11,0.0
2008,10,12,0.0
2008,10,13,3.2
2008,10,14,0.0
2008,10,15,11.4
2008,10,16,6.6
2008,10,17,0.0
2008,10,18,0.0
2008,10,19,18.9
2008,10,20,0.9
2008,10,21,0.0
2008,10,22,50.5
2008,10,23,19.4
2008,10,24,5.3
2008,10,25,0.0
2008,10,26,0.0
2008,10,27,0.0
2008,10,28,0.0
2008,10,29,6.7
2008,10,30,0.0
2008,10,31,47.4
2008,11,1,0.2
2008,11,2,0.0
2008,11,3,2.5
2008,11,4,1.3
2008,11,5,7.2
2008,11,6,0.1
2008,11,7,1.4
2008,11,8,63.8
2008,11,9,0.2
2008,11,10,58.9
2008,11,11,0.1
2008,11,12,2.8
2008,11,13,22.8
2008,11,14,22.5
2008,11,15,0.0
2008,11,16,0.0
2008,11,17,5.4
2008,11,18,0.0
2008,11,19,31.6
2008,11,20,0.0
2008,11,21,0.0
2008,11,22,0.2
2008,11,23,18.4
2008,11,24,0.0
2008,11,25,4.3
2008,11,26,22.9
2008,11,27,0.0
2008,11,28,0.0
2008,11,29,0.0
2008,11,30,0.6
2008,12,1,0.0
2008,12,2,6.1
2008,12,3,0.1
2008,12,4,10.3
2008,12,5,0.6
2008,12,6,5.9
2008,12,7,36.3
2008,12,8,14.7
2008,12,9,0.0
2008,12,10,0.0
2008,12,11,11.3
2008,12,12,0.0
2008,12,13,0.0
2008,12,14,9.7
2008,12,15,1.7
2008,12,16,0.0
2008,12,17,0.2
2008,12,18,0.0
2008,12,19,0.9
2008,12,20,0.0
2008,12,21,0.0
2008,12,22,0.0
2008,12,23,51.8
2008,12,24,19.8
2008,12,25,0.3
2008,12,26,0.1
2008,12,27,0.0
2008,12,28,1.0
2008,12,29,0.9
2008,12,30,0.0
2008,12,31,0.0
2009,1,1,16.5
2009,1,2,0.0
2009,1,3,0.0
2009,1,4,0.0
2009,1,5,0.6
2009,1,6,0.0
2009,1,7,0.0
2009,1,8,0.0
2009,1,9,0.0
2009,1,10,0.8
2009,1,11,0.0
2009,1,12,0.0
2009,1,13,0.0
2009,1,14,0.0
2009,1,15,0.0
2009,1,16,0.0
2009,1,17,0.0
2009,1,18,0.0
2009,1,19,0.0
2009,1,20,0.0
2009,1,21,0.0
2009,1,22,0.0
2009,1,23,0.0
2009,1,24,0.0
2009,1,25,0.6
2009,1,26,0.0
2009,1,27,2.7
2009,1,28,0.1
2009,1,29,0.0
2009,1,30,0.4
2009,1,31,0.0
2009,2,1,0.3
2009,2,2,0.0
2009,2,3,0.0
2009,2,4,0.6
2009,2,5,0.1
2009,2,6,4.5
2009,2,7,1.8
2009,2,8,0.0
2009,2,9,0.0
2009,2,10,0.0
2009,2,11,0.0
2009,2,12,0.0
2009,2,13,0.0
2009,2,14,0.0
2009,2,15,0.0
2009,2,16,0.0
2009,2,17,0.0
2009,2,18,0.0
2009,2,19,0.0
2009,2,20,0.0
2009,2,21,19.5
2009,2,22,4.4
2009,2,23,28.4
2009,2,24,1.0
2009,2,25,1.4
2009,2,26,42.0
2009,2,27,0.0
2009,2,28,19.4
2009,3,1,87.8
2009,3,2,3.8
2009,3,3,2.2
2009,3,4,0.0
2009,3,5,28.0
2009,3,6,0.1
2009,3,7,0.7
2009,3,8,0.0
2009,3,9,64.2
2009,3,10,0.0
2009,3,11,0.0
2009,3,12,0.0
2009,3,13,0.0
2009,3,14,0.0
2009,3,15,51.0
2009,3,16,1.6
2009,3,17,27.2
2009,3,18,6.6
2009,3,19,0.0
2009,3,20,7.0
2009,3,21,52.3
2009,3,22,0.0
2009,3,23,0.0
2009,3,24,51.1
2009,3,25,0.9
2009,3,26,0.0
2009,3,27,38.4
2009,3,28,0.0
2009,3,29,6.0
2009,3,30,2.0
2009,3,31,0.0
2009,4,1,57.8
2009,4,2,7.0
2009,4,3,0.1
2009,4,4,22.0
2009,4,5,19.6
2009,4,6,3.0
2009,4,7,0.0
2009,4,8,0.0
2009,4,9,0.1
2009,4,10,49.9
2009,4,11,26.1
2009,4,12,0.1
2009,4,13,0.0
2009,4,14,0.0
2009,4,15,22.6
2009,4,16,0.0
2009,4,17,0.0
2009,4,18,24.2
2009,4,19,0.0
2009,4,20,2.9
2009,4,21,0.0
2009,4,22,4.3
2009,4,23,0.0
2009,4,24,0.0
2009,4,25,0.0
2009,4,26,0.0
2009,4,27,79.6
2009,4,28,1.4
2009,4,29,2.4
2009,4,30,43.8
2009,5,1,0.2
2009,5,2,23.4
2009,5,3,5.4
2009,5,4,2.1
2009,5,5,18.2
2009,5,6,7.6
2009,5,7,0.0
2009,5,8,21.5
2009,5,9,40.6
2009,5,10,0.3
2009,5,11,0.4
2009,5,12,8.4
2009,5,13,0.8
2009,5,14,0.0
2009,5,15,0.0
2009,5,16,0.4
2009,5,17,0.0
2009,5,18,2.7
2009,5,19,0.0
2009,5,20,0.0
2009,5,21,0.0
2009,5,22,0.0
2009,5,23,0.0
2009,5,24,0.0
2009,5,25,0.0
2009,5,26,1.6
2009,5,27,0.2
2009,5,28,0.0
2009,5,29,0.0
2009,5,30,5.4
2009,5,31,0.0
2009,6,1,0.0
2009,6,2,10.4
2009,6,3,0.0
2009,6,4,0.0
2009,6,5,0.0
2009,6,6,0.0
2009,6,7,17.9
2009,6,8,0.0
2009,6,9,0.0
2009,6,10,0.0
2009,6,11,0.0
2009,6,12,41.4
2009,6,13,1.4
2009,6,14,0.8
2009,6,15,1.0
2009,6,16,0.0
2009,6,17,0.0
2009,6,18,0.0
2009,6,19,0.0
2009,6,20,0.0
2009,6,21,0.0
2009,6,22,1.7
2009,6,23,0.4
2009,6,24,18.2
2009,6,25,0.0
2009,6,26,0.0
2009,6,27,6.4
2009,6,28,0.0
2009,6,29,0.0
2009,6,30,0.5
2009,7,1,2.6
2009,7,2,0.0
2009,7,3,0.0
2009,7,4,0.0
2009,7,5,38.6
2009,7,6,3.2
2009,7,7,8.4
2009,7,8,17.0
2009,7,9,0.0
2009,7,10,0.0
2009,7,11,1.8
2009,7,12,0.0
2009,7,13,0.0
2009,7,14,21.4
2009,7,15,1.4
2009,7,16,0.0
2009,7,17,0.0
2009,7,18,0.2
2009,7,19,0.0
2009,7,20,0.0
2009,7,21,1.0
2009,7,22,7.4
2009,7,23,26.2
2009,7,24,0.2
2009,7,25,1.0
2009,7,26,0.0
2009,7,27,14.0
2009,7,28,0.0
2009,7,29,0.0
2009,7,30,0.0
2009,7,31,0.0
2009,8,1,0.0
2009,8,2,0.0
2009,8,3,0.0
2009,8,4,0.0
2009,8,5,0.0
2009,8,6,0.0
2009,8,7,0.0
2009,8,8,0.0
2009,8,9,8.6
2009,8,10,0.4
2009,8,11,0.0
2009,8,12,0.0
2009,8,13,0.0
2009,8,14,0.0
2009,8,15,2.2
2009,8,16,14.4
2009,8,17,0.0
2009,8,18,0.0
2009,8,19,0.0
2009,8,20,0.1
2009,8,21,1.9
2009,8,22,88.5
2009,8,23,2.4
2009,8,24,16.8
2009,8,25,6.8
2009,8,26,76.4
2009,8,27,18.5
2009,8,28,1.0
2009,8,29,0.0
2009,8,30,19.2
2009,8,31,0.7
2009,9,1,58.6
2009,9,2,0.0
2009,9,3,0.0
2009,9,4,5.3
2009,9,5,5.5
2009,9,6,0.1
2009,9,7,0.0
2009,9,8,0.0
2009,9,9,0.0
2009,9,10,6.7
2009,9,11,18.3
2009,9,12,0.0
2009,9,13,0.0
2009,9,14,0.0
2009,9,15,0.0
2009,9,16,1.8
2009,9,17,20.7
2009,9,18,14.5
2009,9,19,6.1
2009,9,20,0.0
2009,9,21,0.2
2009,9,22,0.0
2009,9,23,9.5
2009,9,24,11.8
2009,9,25,0.0
2009,9,26,0.0
2009,9,27,0.0
2009,9,28,1.3
2009,9,29,5.9
2009,9,30,0.3
2009,10,1,2.0
2009,10,2,0.0
2009,10,3,0.4
2009,10,4,1.8
2009,10,5,21.2
2009,10,6,0.0
2009,10,7,0.0
2009,10,8,2.8
2009,10,9,0.0
2009,10,10,9.8
2009,10,11,0.0
2009,10,12,8.0
2009,10,13,0.0
2009,10,14,32.2
2009,10,15,2.4
2009,10,16,68.4
2009,10,17,0.0
2009,10,18,0.0
2009,10,19,0.0
2009,10,20,10.4
2009,10,21,0.1
2009,10,22,0.0
2009,10,23,0.0
2009,10,24,0.0
2009,10,25,0.9
2009,10,26,0.0
2009,10,27,28.4
2009,10,28,5.7
2009,10,29,0.7
2009,10,30,46.0
2009,10,31,30.9
2009,11,1,0.2
2009,11,2,69.4
2009,11,3,0.4
2009,11,4,1.4
2009,11,5,39.6
2009,11,6,0.2
2009,11,7,0.0
2009,11,8,10.6
2009,11,9,17.2
2009,11,10,0.0
2009,11,11,0.0
2009,11,12,14.6
2009,11,13,51.4
2009,11,14,0.2
2009,11,15,0.0
2009,11,16,0.2
2009,11,17,4.2
2009,11,18,4.4
2009,11,19,13.8
2009,11,20,27.0
2009,11,21,4.8
2009,11,22,2.2
2009,11,23,1.4
2009,11,24,0.0
2009,11,25,0.0
2009,11,26,0.0
2009,11,27,2.4
2009,11,28,8.2
2009,11,29,0.4
2009,11,30,0.0
2009,12,1,0.0
2009,12,2,93.4
2009,12,3,10.0
2009,12,4,10.0
2009,12,5,17.0
2009,12,6,2.8
2009,12,7,0.0
2009,12,8,0.0
2009,12,9,14.6
2009,12,10,0.0
2009,12,11,0.0
2009,12,12,0.0
2009,12,13,0.0
2009,12,14,0.0
2009,12,15,18.2
2009,12,16,4.4
2009,12,17,25.4
2009,12,18,0.6
2009,12,19,5.8
2009,12,20,0.2
2009,12,21,8.0
2009,12,22,4.6
2009,12,23,5.4
2009,12,24,3.4
2009,12,25,21.2
2009,12,26,6.4
2009,12,27,4.6
2009,12,28,9.4
2009,12,29,0.6
2009,12,30,1.8
2009,12,31,0.0
2010,1,1,27.0
2010,1,2,0.0
2010,1,3,12.2
2010,1,4,3.4
2010,1,5,0.0
2010,1,6,19.6
2010,1,7,0.6
2010,1,8,0.8
2010,1,9,0.0
2010,1,10,0.0
2010,1,11,0.0
2010,1,12,43.6
2010,1,13,0.0
2010,1,14,2.2
2010,1,15,0.0
2010,1,16,0.0
2010,1,17,0.0
2010,1,18,0.0
2010,1,19,3.0
2010,1,20,0.8
2010,1,21,19.8
2010,1,22,20.6
2010,1,23,0.0
2010,1,24,0.0
2010,1,25,0.0
2010,1,26,0.0
2010,1,27,2.8
2010,1,28,0.0
2010,1,29,3.2
2010,1,30,0.0
2010,1,31,0.0
2010,2,1,0.0
2010,2,2,0.0
2010,2,3,12.2
2010,2,4,0.8
2010,2,5,35.6
2010,2,6,2.8
2010,2,7,3.8
2010,2,8,0.0
2010,2,9,0.0
2010,2,10,0.8
2010,2,11,4.6
2010,2,12,0.0
2010,2,13,0.0
2010,2,14,0.0
2010,2,15,20.8
2010,2,16,0.0
2010,2,17,2.2
2010,2,18,8.2
2010,2,19,8.4
2010,2,20,0.0
2010,2,21,7.2
2010,2,22,3.8
2010,2,23,0.0
2010,2,24,0.0
2010,2,25,0.0
2010,2,26,0.8
2010,2,27,0.0
2010,2,28,1.2
2010,3,1,0.2
2010,3,2,14.6
2010,3,3,0.0
2010,3,4,0.0
2010,3,5,0.0
2010,3,6,0.0
2010,3,7,0.0
2010,3,8,0.0
2010,3,9,5.2
2010,3,10,4.8
2010,3,11,0.0
2010,3,12,0.8
2010,3,13,2.8
2010,3,14,16.0
2010,3,15,7.4
2010,3,16,0.6
2010,3,17,0.0
2010,3,18,8.6
2010,3,19,0.2
2010,3,20,8.4
2010,3,21,18.8
2010,3,22,5.0
2010,3,23,32.4
2010,3,24,0.0
2010,3,25,0.4
2010,3,26,0.2
2010,3,27,0.0
2010,3,28,0.0
2010,3,29,3.6
2010,3,30,2.4
2010,3,31,0.0
2010,4,1,0.0
2010,4,2,23.8
2010,4,3,3.2
2010,4,4,10.4
2010,4,5,12.0
2010,4,6,0.0
2010,4,7,0.4
2010,4,8,2.4
2010,4,9,0.0
2010,4,10,5.6
2010,4,11,0.0
2010,4,12,0.0
2010,4,13,23.6
2010,4,14,0.0
2010,4,15,25.8
2010,4,16,24.4
2010,4,17,0.0
2010,4,18,0.0
2010,4,19,2.0
2010,4,20,0.0
2010,4,21,17.8
2010,4,22,2.0
2010,4,23,30.6
2010,4,24,1.6
2010,4,25,0.0
2010,4,26,6.2
2010,4,27,0.0
2010,4,28,0.6
2010,4,29,16.2
2010,4,30,0.0
2010,5,1,2.4
2010,5,2,0.0
2010,5,3,0.2
2010,5,4,20.8
2010,5,5,10.0
2010,5,6,3.8
2010,5,7,0.0
2010,5,8,3.2
2010,5,9,3.8
2010,5,10,0.0
2010,5,11,3.0
2010,5,12,0.0
2010,5,13,2.4
2010,5,14,33.0
2010,5,15,0.0
2010,5,16,37.6
2010,5,17,0.6
2010,5,18,42.0
2010,5,19,1.4
2010,5,20,2.0
2010,5,21,0.0
2010,5,22,19.6
2010,5,23,0.0
2010,5,24,0.0
2010,5,25,0.0
2010,5,26,11.6
2010,5,27,13.6
2010,5,28,28.4
2010,5,29,0.0
2010,5,30,0.0
2010,5,31,0.6
2010,6,1,11.6
2010,6,2,0.2
2010,6,3,0.0
2010,6,4,0.2
2010,6,5,17.8
2010,6,6,28.2
2010,6,7,6.2
2010,6,8,2.0
2010,6,9,13.2
2010,6,10,0.2
2010,6,11,4.0
2010,6,12,0.6
2010,6,13,0.8
2010,6,14,7.2
2010,6,15,23.0
2010,6,16,37.6
2010,6,17,0.2
2010,6,18,0.2
2010,6,19,0.0
2010,6,20,0.0
2010,6,21,0.0
2010,6,22,5.4
2010,6,23,66.8
2010,6,24,20.2
2010,6,25,65.4
2010,6,26,28.4
2010,6,27,3.8
2010,6,28,9.2
2010,6,29,0.0
2010,6,30,0.2
2010,7,1,44.4
2010,7,2,23.6
2010,7,3,18.2
2010,7,4,0.0
2010,7,5,0.0
2010,7,6,0.0
2010,7,7,9.0
2010,7,8,0.4
2010,7,9,0.2
2010,7,10,13.8
2010,7,11,0.6
2010,7,12,0.0
2010,7,13,0.0
2010,7,14,0.0
2010,7,15,0.0
2010,7,16,98.2
2010,7,17,3.8
2010,7,18,2.4
2010,7,19,0.0
2010,7,20,2.2
2010,7,21,10.6
2010,7,22,6.0
2010,7,23,0.0
2010,7,24,0.0
2010,7,25,36.0
2010,7,26,1.0
2010,7,27,10.6
2010,7,28,0.6
2010,7,29,3.8
2010,7,30,56.8
2010,7,31,63.4
2010,8,1,1.8
2010,8,2,0.0
2010,8,3,0.0
2010,8,4,0.4
2010,8,5,0.0
2010,8,6,0.0
2010,8,7,5.4
2010,8,8,0.0
2010,8,9,0.2
2010,8,10,2.2
2010,8,11,1.4
2010,8,12,0.0
2010,8,13,12.8
2010,8,14,14.4
2010,8,15,0.4
2010,8,16,10.2
2010,8,17,2.8
2010,8,18,2.4
2010,8,19,13.2
2010,8,20,19.0
2010,8,21,0.0
2010,8,22,0.0
2010,8,23,8.4
2010,8,24,0.0
2010,8,25,0.0
2010,8,26,0.0
2010,8,27,62.6
2010,8,28,4.4
2010,8,29,9.8
2010,8,30,0.2
2010,8,31,0.0
2010,9,1,0.0
2010,9,2,0.0
2010,9,3,0.0
2010,9,4,7.2
2010,9,5,8.6
2010,9,6,1.8
2010,9,7,0.0
2010,9,8,28.2
2010,9,9,0.0
2010,9,10,0.4
2010,9,11,0.0
2010,9,12,0.2
2010,9,13,0.0
2010,9,14,0.0
2010,9,15,32.6
2010,9,16,0.0
2010,9,17,15.0
2010,9,18,0.0
2010,9,19,0.0
2010,9,20,0.0
2010,9,21,2.2
2010,9,22,43.0
2010,9,23,1.0
2010,9,24,26.6
2010,9,25,0.4
2010,9,26,0.0
2010,9,27,4.6
2010,9,28,0.0
2010,9,29,0.0
2010,9,30,0.4
2010,10,1,0.0
2010,10,2,11.2
2010,10,3,0.0
2010,10,4,0.2
2010,10,5,0.0
2010,10,6,15.4
2010,10,7,0.0
2010,10,8,0.0
2010,10,9,0.0
2010,10,10,0.0
2010,10,11,0.0
2010,10,12,6.8
2010,10,13,0.4
2010,10,14,0.0
2010,10,15,0.0
2010,10,16,5.2
2010,10,17,4.2
2010,10,18,0.0
2010,10,19,27.2
2010,10,20,0.0
2010,10,21,0.0
2010,10,22,0.0
2010,10,23,70.0
2010,10,24,2.0
2010,10,25,11.8
2010,10,26,1.8
2010,10,27,0.0
2010,10,28,1.8
2010,10,29,24.2
2010,10,30,0.0
2010,10,31,0.0
2010,11,1,3.8
2010,11,2,1.0
2010,11,3,0.0
2010,11,4,0.0
2010,11,5,0.4
2010,11,6,10.2
2010,11,7,4.0
2010,11,8,5.2
2010,11,9,22.4
2010,11,10,0.0
2010,11,11,0.4
2010,11,12,0.0
2010,11,13,0.2
2010,11,14,7.8
2010,11,15,1.2
2010,11,16,25.6
2010,11,17,3.0
2010,11,18,0.0
2010,11,19,0.0
2010,11,20,0.4
2010,11,21,2.0
2010,11,22,0.0
2010,11,23,0.4
2010,11,24,16.2
2010,11,25,17.2
2010,11,26,7.4
2010,11,27,0.0
2010,11,28,1.2
2010,11,29,27.2
2010,11,30,46.4
2010,12,1,0.0
2010,12,2,6.4
2010,12,3,19.2
2010,12,4,25.8
2010,12,5,0.0
2010,12,6,1.4
2010,12,7,0.0
2010,12,8,0.2
2010,12,9,0.0
2010,12,10,4.2
2010,12,11,8.4
2010,12,12,0.0
2010,12,13,6.0
2010,12,14,0.0
2010,12,15,8.8
2010,12,16,1.8
2010,12,17,0.4
2010,12,18,1.8
2010,12,19,0.0
2010,12,20,9.0
2010,12,21,3.2
2010,12,22,0.0
2010,12,23,0.0
2010,12,24,0.0
2010,12,25,48.8
2010,12,26,0.6
2010,12,27,0.0
2010,12,28,0.0
2010,12,29,0.0
2010,12,30,0.0
2010,12,31,3.8
2011,1,1,52.4
2011,1,2,11.8
2011,1,3,24.8
2011,1,4,0.0
2011,1,5,14.2
2011,1,6,3.4
2011,1,7,0.2
2011,1,8,4.2
2011,1,9,4.8
2011,1,10,13.6
2011,1,11,4.4
2011,1,12,19.6
2011,1,13,0.0
2011,1,14,9.8
2011,1,15,12.0
2011,1,16,0.0
2011,1,17,9.6
2011,1,18,0.0
2011,1,19,0.0
2011,1,20,0.0
2011,1,21,0.0
2011,1,22,0.0
2011,1,23,2.4
2011,1,24,2.4
2011,1,25,12.0
2011,1,26,25.4
2011,1,27,0.0
2011,1,28,42.2
2011,1,29,41.6
2011,1,30,53.4
2011,1,31,16.0
2011,2,1,3.0
2011,2,2,9.0
2011,2,3,0.4
2011,2,4,14.4
2011,2,5,0.2
2011,2,6,0.0
2011,2,7,0.0
2011,2,8,0.6
2011,2,9,0.0
2011,2,10,0.0
2011,2,11,7.2
2011,2,12,0.8
2011,2,13,0.0
2011,2,14,0.0
2011,2,15,48.8
2011,2,16,0.6
2011,2,17,0.0
2011,2,18,2.2
2011,2,19,1.0
2011,2,20,0.0
2011,2,21,0.0
2011,2,22,0.6
2011,2,23,52.0
2011,2,24,0.0
2011,2,25,16.2
2011,2,26,25.6
2011,2,27,0.0
2011,2,28,0.0
2011,3,1,0.0
2011,3,2,0.0
2011,3,3,5.8
2011,3,4,0.4
2011,3,5,0.0
2011,3,6,0.0
2011,3,7,10.2
2011,3,8,0.2
2011,3,9,46.0
2011,3,10,18.4
2011,3,11,0.0
2011,3,12,18.0
2011,3,13,0.2
2011,3,14,2.2
2011,3,15,0.2
2011,3,16,61.2
2011,3,17,0.2
2011,3,18,0.0
2011,3,19,10.8
2011,3,20,6.8
2011,3,21,26.2
2011,3,22,2.4
2011,3,23,0.0
2011,3,24,4.0
2011,3,25,0.0
2011,3,26,0.0
2011,3,27,7.0
2011,3,28,0.2
2011,3,29,0.0
2011,3,30,0.0
2011,3,31,0.0
2011,4,1,11.6
2011,4,2,0.0
2011,4,3,0.0
2011,4,4,0.0
2011,4,5,16.4
2011,4,6,23.4
2011,4,7,0.0
2011,4,8,0.0
2011,4,9,13.0
2011,4,10,0.6
2011,4,11,0.2
2011,4,12,28.4
2011,4,13,25.8
2011,4,14,25.8
2011,4,15,64.4
2011,4,16,48.2
2011,4,17,26.6
2011,4,18,0.8
2011,4,19,0.0
2011,4,20,2.4
2011,4,21,27.6
2011,4,22,0.0
2011,4,23,0.8
2011,4,24,33.0
2011,4,25,0.0
2011,4,26,0.8
2011,4,27,0.4
2011,4,28,0.0
2011,4,29,18.0
2011,4,30,51.0
2011,5,1,1.4
2011,5,2,0.0
2011,5,3,0.2
2011,5,4,2.2
2011,5,5,0.0
2011,5,6,0.0
2011,5,7,0.0
2011,5,8,0.0
2011,5,9,5.8
2011,5,10,1.6
2011,5,11,0.0
2011,5,12,15.0
2011,5,13,25.0
2011,5,14,0.0
2011,5,15,0.0
2011,5,16,0.0
2011,5,17,0.0
2011,5,18,0.0
2011,5,19,0.0
2011,5,20,21.8
2011,5,21,58.6
2011,5,22,52.6
2011,5,23,0.0
2011,5,24,0.2
2011,5,25,60.2
2011,5,26,0.8
2011,5,27,0.2
2011,5,28,0.0
2011,5,29,0.0
2011,5,30,0.0
2011,5,31,12.2
2011,6,1,1.8
2011,6,2,0.6
2011,6,3,0.2
2011,6,4,0.0
2011,6,5,87.0
2011,6,6,0.4
2011,6,7,0.0
2011,6,8,36.4
2011,6,9,0.0
2011,6,10,5.2
2011,6,11,1.6
2011,6,12,4.8
2011,6,13,6.8
2011,6,14,0.0
2011,6,15,8.6
2011,6,16,0.0
2011,6,17,8.8
2011,6,18,0.0
2011,6,19,0.0
2011,6,20,0.0
2011,6,21,0.0
2011,6,22,34.6
2011,6,23,0.2
2011,6,24,0.0
2011,6,25,2.4
2011,6,26,0.0
2011,6,27,0.0
2011,6,28,19.6
2011,6,29,4.8
2011,6,30,19.8
2011,7,1,0.0
2011,7,2,0.0
2011,7,3,0.0
2011,7,4,0.0
2011,7,5,0.0
2011,7,6,0.0
2011,7,7,0.0
2011,7,8,0.0
2011,7,9,0.0
2011,7,10,5.4
2011,7,11,30.2
2011,7,12,0.0
2011,7,13,0.0
2011,7,14,0.0
2011,7,15,2.8
2011,7,16,0.0
2011,7,17,0.0
2011,7,18,0.0
2011,7,19,0.0
2011,7,20,0.0
2011,7,21,0.0
2011,7,22,3.4
2011,7,23,0.0
2011,7,24,1.6
2011,7,25,0.0
2011,7,26,0.0
2011,7,27,16.0
2011,7,28,4.4
2011,7,29,0.2
2011,7,30,0.0
2011,7,31,0.0
2011,8,1,0.0
2011,8,2,0.0
2011,8,3,2.0
2011,8,4,52.4
2011,8,5,0.0
2011,8,6,0.0
2011,8,7,62.2
2011,8,8,0.0
2011,8,9,0.0
2011,8,10,0.0
2011,8,11,0.0
2011,8,12,0.0
2011,8,13,35.2
2011,8,14,5.8
2011,8,15,25.6
2011,8,16,0.0
2011,8,17,0.0
2011,8,18,0.0
2011,8,19,0.0
2011,8,20,0.0
2011,8,21,0.0
2011,8,22,0.0
2011,8,23,0.0
2011,8,24,0.0
2011,8,25,34.2
2011,8,26,2.4
2011,8,27,2.0
2011,8,28,0.0
2011,8,29,40.2
2011,8,30,0.4
2011,8,31,0.0
2011,9,1,0.0
2011,9,2,7.2
2011,9,3,0.0
2011,9,4,0.0
2011,9,5,0.0
2011,9,6,0.0
2011,9,7,0.0
2011,9,8,1.8
2011,9,9,0.0
2011,9,10,51.4
2011,9,11,0.2
2011,9,12,1.0
2011,9,13,4.8
2011,9,14,76.4
2011,9,15,0.0
2011,9,16,2.6
2011,9,17,0.0
2011,9,18,0.6
2011,9,19,2.8
2011,9,20,14.4
2011,9,21,13.0
2011,9,22,12.6
2011,9,23,0.0
2011,9,24,0.0
2011,9,25,21.0
2011,9,26,0.0
2011,9,27,6.2
2011,9,28,0.4
2011,9,29,23.0
2011,9,30,2.8
2011,10,1,65.2
2011,10,2,0.0
2011,10,3,74.4
2011,10,4,10.6
2011,10,5,0.0
2011,10,6,7.0
2011,10,7,0.2
2011,10,8,17.6
2011,10,9,0.4
2011,10,10,1.8
2011,10,11,8.4
2011,10,12,0.0
2011,10,13,0.0
2011,10,14,0.0
2011,10,15,0.0
2011,10,16,0.0
2011,10,17,2.4
2011,10,18,18.8
2011,10,19,11.8
2011,10,20,0.0
2011,10,21,8.8
2011,10,22,5.0
2011,10,23,0.0
2011,10,24,3.0
2011,10,25,42.8
2011,10,26,15.2
2011,10,27,35.6
2011,10,28,31.2
2011,10,29,0.2
2011,10,30,0.2
2011,10,31,27.8
2011,11,1,9.2
2011,11,2,5.0
2011,11,3,8.8
2011,11,4,1.4
2011,11,5,26.2
2011,11,6,0.0
2011,11,7,0.0
2011,11,8,15.2
2011,11,9,0.2
2011,11,10,0.4
2011,11,11,0.0
2011,11,12,52.4
2011,11,13,23.2
2011,11,14,4.4
2011,11,15,2.6
2011,11,16,0.0
2011,11,17,0.0
2011,11,18,0.0
2011,11,19,17.0
2011,11,20,37.2
2011,11,21,6.8
2011,11,22,0.0
2011,11,23,3.2
2011,11,24,23.2
2011,11,25,4.8
2011,11,26,11.8
2011,11,27,14.4
2011,11,28,16.0
2011,11,29,12.6
2011,11,30,8.4
2011,12,1,1.4
2011,12,2,4.4
2011,12,3,10.6
2011,12,4,12.6
2011,12,5,0.0
2011,12,6,0.0
2011,12,7,7.4
2011,12,8,4.2
2011,12,9,0.8
2011,12,10,0.0
2011,12,11,2.0
2011,12,12,0.8
2011,12,13,0.0
2011,12,14,18.4
2011,12,15,0.8
2011,12,16,4.2
2011,12,17,18.8
2011,12,18,35.2
2011,12,19,51.4
2011,12,20,11.4
2011,12,21,0.0
2011,12,22,0.8
2011,12,23,42.0
2011,12,24,38.0
2011,12,25,1.8
2011,12,26,0.0
2011,12,27,0.0
2011,12,28,2.2
2011,12,29,0.0
2011,12,30,0.0
2011,12,31,0.0
2012,1,1,0.0
2012,1,2,6.2
2012,1,3,0.0
2012,1,4,0.0
2012,1,5,0.0
2012,1,6,0.0
2012,1,7,0.0
2012,1,8,8.8
2012,1,9,13.8
2012,1,10,0.8
2012,1,11,0.2
2012,1,12,0.0
2012,1,13,0.0
2012,1,14,36.0
2012,1,15,0.0
2012,1,16,0.0
2012,1,17,0.0
2012,1,18,0.0
2012,1,19,4.2
2012,1,20,42.8
2012,1,21,24.4
2012,1,22,11.4
2012,1,23,2.0
2012,1,24,0.0
2012,1,25,0.0
2012,1,26,0.0
2012,1,27,12.4
2012,1,28,0.0
2012,1,29,0.0
2012,1,30,0.0
2012,1,31,11.4
2012,2,1,0.0
2012,2,2,8.0
2012,2,3,0.2
2012,2,4,0.2
2012,2,5,0.2
2012,2,6,7.2
2012,2,7,0.0
2012,2,8,0.0
2012,2,9,0.0
2012,2,10,0.0
2012,2,11,2.0
2012,2,12,4.0
2012,2,13,10.0
2012,2,14,0.0
2012,2,15,0.0
2012,2,16,0.0
2012,2,17,0.0
2012,2,18,2.6
2012,2,19,0.0
2012,2,20,2.0
2012,2,21,1.8
2012,2,22,12.8
2012,2,23,0.0
2012,2,24,0.0
2012,2,25,5.0
2012,2,26,58.4
2012,2,27,19.8
2012,2,28,0.2
2012,2,29,1.4
2012,3,1,11.2
2012,3,2,20.4
2012,3,3,0.4
2012,3,4,0.0
2012,3,5,41.2
2012,3,6,0.0
2012,3,7,13.4
2012,3,8,31.6
2012,3,9,0.0
2012,3,10,3.0
2012,3,11,6.6
2012,3,12,0.0
2012,3,13,46.8
2012,3,14,7.0
2012,3,15,0.0
2012,3,16,0.0
2012,3,17,1.8
2012,3,18,13.6
2012,3,19,0.2
2012,3,20,0.0
2012,3,21,0.0
2012,3,22,0.0
2012,3,23,0.0
2012,3,24,0.0
2012,3,25,68.2
2012,3,26,0.2
2012,3,27,0.2
2012,3,28,0.4
2012,3,29,0.0
2012,3,30,64.0
2012,3,31,3.0
2012,4,1,14.0
2012,4,2,3.6
2012,4,3,91.4
2012,4,4,0.4
2012,4,5,0.0
2012,4,6,0.2
2012,4,7,45.6
2012,4,8,47.0
2012,4,9,25.0
2012,4,10,2.2
2012,4,11,0.0
2012,4,12,70.6
2012,4,13,0.0
2012,4,14,29.6
2012,4,15,0.2
2012,4,16,0.2
2012,4,17,0.2
2012,4,18,0.0
2012,4,19,18.4
2012,4,20,49.4
2012,4,21,9.2
2012,4,22,0.0
2012,4,23,0.2
2012,4,24,0.4
2012,4,25,4.0
2012,4,26,0.2
2012,4,27,0.2
2012,4,28,0.4
2012,4,29,7.8
2012,4,30,0.2
2012,5,1,0.0
2012,5,2,15.4
2012,5,3,0.0
2012,5,4,45.6
2012,5,5,0.0
2012,5,6,1.8
2012,5,7,2.4
2012,5,8,14.6
2012,5,9,0.2
2012,5,10,11.2
2012,5,11,0.0
2012,5,12,32.6
2012,5,13,0.4
2012,5,14,0.0
2012,5,15,61.4
2012,5,16,15.8
2012,5,17,0.6
2012,5,18,0.0
2012,5,19,0.0
2012,5,20,5.4
2012,5,21,1.6
2012,5,22,49.4
2012,5,23,0.8
2012,5,24,11.4
2012,5,25,0.0
2012,5,26,8.8
2012,5,27,0.0
2012,5,28,0.0
2012,5,29,0.4
2012,5,30,5.2
2012,5,31,8.8
2012,6,1,0.0
2012,6,2,0.2
2012,6,3,0.0
2012,6,4,0.0
2012,6,5,5.4
2012,6,6,0.0
2012,6,7,0.0
2012,6,8,38.0
2012,6,9,1.2
2012,6,10,0.0
2012,6,11,0.0
2012,6,12,0.0
2012,6,13,0.0
2012,6,14,0.0
2012,6,15,0.0
2012,6,16,0.0
2012,6,17,0.0
2012,6,18,0.0
2012,6,19,0.0
2012,6,20,0.0
2012,6,21,0.0
2012,6,22,0.0
2012,6,23,0.0
2012,6,24,0.0
2012,6,25,0.0
2012,6,26,0.0
2012,6,27,30.4
2012,6,28,0.0
2012,6,29,0.0
2012,6,30,13.2
2012,7,1,0.0
2012,7,2,22.4
2012,7,3,37.0
2012,7,4,49.4
2012,7,5,6.4
2012,7,6,0.2
2012,7,7,6.8
2012,7,8,0.0
2012,7,9,0.0
2012,7,10,0.0
2012,7,11,0.0
2012,7,12,2.0
2012,7,13,0.2
2012,7,14,9.4
2012,7,15,0.0
2012,7,16,5.0
2012,7,17,7.6
2012,7,18,0.0
2012,7,19,32.2
2012,7,20,0.0
2012,7,21,0.0
2012,7,22,0.0
2012,7,23,0.0
2012,7,24,0.0
2012,7,25,0.0
2012,7,26,0.0
2012,7,27,0.0
2012,7,28,7.4
2012,7,29,0.0
2012,7,30,0.0
2012,7,31,0.0
2012,8,1,1.0
2012,8,2,0.0
2012,8,3,22.8
2012,8,4,13.4
2012,8,5,3.2
2012,8,6,2.0
2012,8,7,0.0
2012,8,8,0.0
2012,8,9,0.0
2012,8,10,0.0
2012,8,11,0.0
2012,8,12,0.0
2012,8,13,0.0
2012,8,14,0.0
2012,8,15,0.0
2012,8,16,0.0
2012,8,17,18.0
2012,8,18,0.0
2012,8,19,0.0
2012,8,20,0.0
2012,8,21,0.2
2012,8,22,0.0
2012,8,23,24.2
2012,8,24,0.0
2012,8,25,0.0
2012,8,26,1.4
2012,8,27,33.2
2012,8,28,3.6
2012,8,29,6.4
2012,8,30,74.0
2012,8,31,9.2
2012,9,1,0.0
2012,9,2,0.0
2012,9,3,0.0
2012,9,4,0.8
2012,9,5,0.0
2012,9,6,0.0
2012,9,7,0.2
2012,9,8,14.8
2012,9,9,16.0
2012,9,10,6.8
2012,9,11,10.6
2012,9,12,0.0
2012,9,13,0.0
2012,9,14,0.0
2012,9,15,0.0
2012,9,16,0.0
2012,9,17,0.0
2012,9,18,0.0
2012,9,19,2.6
2012,9,20,56.2
2012,9,21,0.0
2012,9,22,0.4
2012,9,23,0.0
2012,9,24,0.6
2012,9,25,55.8
2012,9,26,0.6
2012,9,27,29.4
2012,9,28,0.0
2012,9,29,0.0
2012,9,30,0.0
2012,10,1,0.2
2012,10,2,0.0
2012,10,3,0.0
2012,10,4,11.4
2012,10,5,0.4
2012,10,6,0.0
2012,10,7,0.0
2012,10,8,27.2
2012,10,9,0.0
2012,10,10,2.6
2012,10,11,10.2
2012,10,12,5.4
2012,10,13,4.0
2012,10,14,15.4
2012,10,15,0.0
2012,10,16,0.0
2012,10,17,20.4
2012,10,18,23.8
2012,10,19,11.8
2012,10,20,19.0
2012,10,21,25.8
2012,10,22,0.0
2012,10,23,0.0
2012,10,24,0.0
2012,10,25,0.0
2012,10,26,10.0
2012,10,27,0.2
2012,10,28,0.0
2012,10,29,8.6
2012,10,30,8.0
2012,10,31,81.4
2012,11,1,0.4
2012,11,2,0.0
2012,11,3,2.4
2012,11,4,13.8
2012,11,5,0.2
2012,11,6,1.6
2012,11,7,25.4
2012,11,8,3.2
2012,11,9,1.2
2012,11,10,1.8
2012,11,11,0.0
2012,11,12,14.2
2012,11,13,0.6
2012,11,14,8.2
2012,11,15,2.4
2012,11,16,0.0
2012,11,17,59.8
2012,11,18,20.8
2012,11,19,0.8
2012,11,20,0.0
2012,11,21,5.4
2012,11,22,4.6
2012,11,23,32.6
2012,11,24,0.0
2012,11,25,0.8
2012,11,26,0.0
2012,11,27,0.0
2012,11,28,1.6
2012,11,29,0.0
2012,11,30,0.0
2012,12,1,0.0
2012,12,2,0.2
2012,12,3,31.4
2012,12,4,6.0
2012,12,5,8.6
2012,12,6,13.0
2012,12,7,0.0
2012,12,8,0.0
2012,12,9,21.4
2012,12,10,21.0
2012,12,11,2.6
2012,12,12,51.2
2012,12,13,10.2
2012,12,14,0.6
2012,12,15,13.2
2012,12,16,21.2
2012,12,17,24.2
2012,12,18,5.6
2012,12,19,12.4
2012,12,20,0.2
2012,12,21,20.2
2012,12,22,1.2
2012,12,23,0.6
2012,12,24,1.6
2012,12,25,0.0
2012,12,26,0.0
2012,12,27,0.0
2012,12,28,3.8
2012,12,29,3.2
2012,12,30,0.4
2012,12,31,66.0
2013,1,1,1.8
2013,1,2,14.2
2013,1,3,0.4
2013,1,4,0.2
2013,1,5,0.0
2013,1,6,0.0
2013,1,7,0.0
2013,1,8,2.2
2013,1,9,1.4
2013,1,10,0.4
2013,1,11,25.8
2013,1,12,0.0
2013,1,13,0.6
2013,1,14,34.0
2013,1,15,5.4
2013,1,16,0.0
2013,1,17,0.0
2013,1,18,48.6
2013,1,19,17.6
2013,1,20,5.0
2013,1,21,0.4
2013,1,22,0.6
2013,1,23,0.0
2013,1,24,4.4
2013,1,25,0.0
2013,1,26,0.0
2013,1,27,0.6
2013,1,28,0.0
2013,1,29,0.0
2013,1,30,0.0
2013,1,31,0.4
2013,2,1,3.4
2013,2,2,0.4
2013,2,3,27.4
2013,2,4,0.8
2013,2,5,69.6
2013,2,6,55.4
2013,2,7,24.8
2013,2,8,33.8
2013,2,9,3.8
2013,2,10,34.0
2013,2,11,3.6
2013,2,12,2.0
2013,2,13,1.2
2013,2,14,20.6
2013,2,15,5.2
2013,2,16,16.4
2013,2,17,4.2
2013,2,18,20.8
2013,2,19,3.4
2013,2,20,9.4
2013,2,21,0.0
2013,2,22,0.0
2013,2,23,0.0
2013,2,24,0.0
2013,2,25,1.0
2013,2,26,10.0
2013,2,27,0.0
2013,2,28,0.0
2013,3,1,0.0
2013,3,2,1.2
2013,3,3,0.0
2013,3,4,0.0
2013,3,5,2.6
2013,3,6,0.0
2013,3,7,1.0
2013,3,8,11.5
2013,3,9,41.0
2013,3,10,8.5
2013,3,11,9.8
2013,3,12,0.0
2013,3,13,5.4
2013,3,14,26.8
2013,3,15,0.0
2013,3,16,0.0
2013,3,17,2.8
2013,3,18,1.4
2013,3,19,0.4
2013,3,20,0.0
2013,3,21,0.8
2013,3,22,1.6
2013,3,23,1.2
2013,3,24,9.4
2013,3,25,10.6
2013,3,26,0.8
2013,3,27,24.4
2013,3,28,41.2
2013,3,29,4.2
2013,3,30,21.8
2013,3,31,11.0
2013,4,1,14.8
2013,4,2,47.0
2013,4,3,20.2
2013,4,4,1.6
2013,4,5,8.6
2013,4,6,10.8
2013,4,7,0.0
2013,4,8,9.8
2013,4,9,0.2
2013,4,10,0.4
2013,4,11,0.0
2013,4,12,0.0
2013,4,13,1.2
2013,4,14,0.2
2013,4,15,0.0
2013,4,16,9.2
2013,4,17,0.8
2013,4,18,1.2
2013,4,19,11.8
2013,4,20,0.0
2013,4,21,13.6
2013,4,22,0.2
2013,4,23,8.6
2013,4,24,0.0
2013,4,25,53.6
2013,4,26,0.2
2013,4,27,27.0
2013,4,28,4.0
2013,4,29,0.0
2013,4,30,0.0
2013,5,1,0.0
2013,5,2,10.2
2013,5,3,6.0
2013,5,4,0.0
2013,5,5,11.6
2013,5,6,1.8
2013,5,7,16.0
2013,5,8,0.4
2013,5,9,3.8
2013,5,10,0.4
2013,5,11,0.0
2013,5,12,0.0
2013,5,13,0.0
2013,5,14,2.6
2013,5,15,44.8
2013,5,16,3.2
2013,5,17,0.0
2013,5,18,0.0
2013,5,19,0.0
2013,5,20,7.4
2013,5,21,0.0
2013,5,22,0.0
2013,5,23,1.8
2013,5,24,39.4
2013,5,25,0.0
2013,5,26,2.8
2013,5,27,0.0
2013,5,28,0.0
2013,5,29,0.4
2013,5,30,0.0
2013,5,31,0.0
2013,6,1,0.8
2013,6,2,0.2
2013,6,3,0.0
2013,6,4,0.0
2013,6,5,20.6
2013,6,6,0.0
2013,6,7,12.0
2013,6,8,0.8
2013,6,9,2.4
2013,6,10,0.8
2013,6,11,0.0
2013,6,12,0.0
2013,6,13,0.0
2013,6,14,0.0
2013,6,15,0.0
2013,6,16,3.4
2013,6,17,0.0
2013,6,18,0.0
2013,6,19,0.0
2013,6,20,0.0
2013,6,21,0.0
2013,6,22,0.0
2013,6,23,0.0
2013,6,24,0.0
2013,6,25,29.4
2013,6,26,34.4
2013,6,27,0.0
2013,6,28,0.2
2013,6,29,5.4
2013,6,30,3.0
2013,7,1,0.0
2013,7,2,0.0
2013,7,3,0.0
2013,7,4,20.0
2013,7,5,0.0
2013,7,6,0.0
2013,7,7,0.0
2013,7,8,59.4
2013,7,9,2.2
2013,7,10,0.0
2013,7,11,22.0
2013,7,12,0.0
2013,7,13,1.6
2013,7,14,7.0
2013,7,15,0.0
2013,7,16,0.0
2013,7,17,6.8
2013,7,18,0.6
2013,7,19,0.0
2013,7,20,0.0
2013,7,21,0.0
2013,7,22,0.0
2013,7,23,0.0
2013,7,24,0.0
2013,7,25,0.0
2013,7,26,0.4
2013,7,27,0.6
2013,7,28,37.8
2013,7,29,0.0
2013,7,30,0.0
2013,7,31,4.6
2013,8,1,0.8
2013,8,2,0.0
2013,8,3,0.0
2013,8,4,35.0
2013,8,5,34.6
2013,8,6,1.8
2013,8,7,17.0
2013,8,8,0.2
2013,8,9,0.8
2013,8,10,20.4
2013,8,11,12.4
2013,8,12,0.6
2013,8,13,1.0
2013,8,14,7.8
2013,8,15,0.0
2013,8,16,0.0
2013,8,17,1.4
2013,8,18,0.0
2013,8,19,0.0
2013,8,20,0.0
2013,8,21,0.0
2013,8,22,10.2
2013,8,23,0.0
2013,8,24,0.0
2013,8,25,0.0
2013,8,26,1.2
2013,8,27,0.0
2013,8,28,18.8
2013,8,29,0.0
2013,8,30,0.0
2013,8,31,3.4
2013,9,1,2.0
2013,9,2,24.2
2013,9,3,43.8
2013,9,4,10.4
2013,9,5,20.4
2013,9,6,18.2
2013,9,7,16.6
2013,9,8,2.8
2013,9,9,23.4
2013,9,10,27.6
2013,9,11,4.2
2013,9,12,0.0
2013,9,13,0.0
2013,9,14,0.0
2013,9,15,38.6
2013,9,16,0.0
2013,9,17,2.0
2013,9,18,0.0
2013,9,19,0.0
2013,9,20,0.0
2013,9,21,0.0
2013,9,22,0.0
2013,9,23,0.0
2013,9,24,0.0
2013,9,25,40.0
2013,9,26,21.2
2013,9,27,0.0
2013,9,28,13.2
2013,9,29,3.2
2013,9,30,0.0
2013,10,1,11.8
2013,10,2,1.2
2013,10,3,0.0
2013,10,4,4.2
2013,10,5,6.6
2013,10,6,19.6
2013,10,7,2.0
2013,10,8,43.2
2013,10,9,0.0
2013,10,10,17.0
2013,10,11,26.8
2013,10,12,0.0
2013,10,13,2.6
2013,10,14,17.8
2013,10,15,1.2
2013,10,16,0.0
2013,10,17,0.0
2013,10,18,14.0
2013,10,19,40.2
2013,10,20,1.0
2013,10,21,12.2
2013,10,22,0.0
2013,10,23,0.0
2013,10,24,0.0
2013,10,25,0.0
2013,10,26,20.8
2013,10,27,2.6
2013,10,28,3.2
2013,10,29,23.4
2013,10,30,10.4
2013,10,31,7.8
2013,11,1,3.0
2013,11,2,0.0
2013,11,3,2.4
2013,11,4,18.0
2013,11,5,45.8
2013,11,6,0.2
2013,11,7,0.0
2013,11,8,0.0
2013,11,9,36.4
2013,11,10,5.0
2013,11,11,25.6
2013,11,12,2.6
2013,11,13,77.0
2013,11,14,0.5
2013,11,15,10.7
2013,11,16,5.6
2013,11,17,0.4
2013,11,18,5.2
2013,11,19,16.5
2013,11,20,2.5
2013,11,21,11.0
2013,11,22,17.2
2013,11,23,0.6
2013,11,24,0.0
2013,11,25,2.4
2013,11,26,3.5
2013,11,27,4.5
2013,11,28,0.0
2013,11,29,11.0
2013,11,30,86.0
2013,12,1,13.4
2013,12,2,3.8
2013,12,3,38.0
2013,12,4,0.2
2013,12,5,0.0
2013,12,6,12.2
2013,12,7,0.0
2013,12,8,14.5
2013,12,9,0.0
2013,12,10,5.0
2013,12,11,2.0
2013,12,12,4.5
2013,12,13,32.5
2013,12,14,0.0
2013,12,15,0.0
2013,12,16,0.0
2013,12,17,0.0
2013,12,18,38.0
2013,12,19,1.5
2013,12,20,18.5
2013,12,21,0.2
2013,12,22,0.0
2013,12,23,0.4
2013,12,24,0.0
2013,12,25,0.0
2013,12,26,2.0
2013,12,27,1.0
2013,12,28,1.5
2013,12,29,0.0
2013,12,30,9.0
2013,12,31,0.0
2014,1,1,0.0
2014,1,2,0.0
2014,1,3,0.0
2014,1,4,12.5
2014,1,5,1.6
2014,1,6,55.6
2014,1,7,10.5
2014,1,8,0.0
2014,1,9,0.0
2014,1,10,0.0
2014,1,11,7.0
2014,1,12,6.0
2014,1,13,0.0
2014,1,14,0.0
2014,1,15,0.0
2014,1,16,0.0
2014,1,17,0.0
2014,1,18,0.0
2014,1,19,0.0
2014,1,20,0.0
2014,1,21,0.0
2014,1,22,0.0
2014,1,23,0.0
2014,1,24,0.0
2014,1,25,0.0
2014,1,26,0.0
2014,1,27,0.0
2014,1,28,0.0
2014,1,29,0.0
2014,1,30,0.0
2014,1,31,0.0
2014,2,1,0.0
2014,2,2,0.0
2014,2,3,0.0
2014,2,4,0.0
2014,2,5,0.0
2014,2,6,0.0
2014,2,7,0.0
2014,2,8,0.0
2014,2,9,0.0
2014,2,10,0.0
2014,2,11,0.0
2014,2,12,0.0
2014,2,13,0.0
2014,2,14,9.0
2014,2,15,0.0
2014,2,16,20.5
2014,2,17,0.0
2014,2,18,0.0
2014,2,19,0.0
2014,2,20,0.0
2014,2,21,0.0
2014,2,22,0.0
2014,2,23,0.0
2014,2,24,0.0
2014,2,25,0.0
2014,2,26,0.0
2014,2,27,0.0
2014,2,28,0.0
2014,3,1,0.0
2014,3,2,0.0
2014,3,3,3.0
2014,3,4,0.0
2014,3,5,0.0
2014,3,6,0.0
2014,3,7,0.0
2014,3,8,0.0
2014,3,9,0.0
2014,3,10,0.0
2014,3,11,0.0
2014,3,12,0.0
2014,3,13,0.0
2014,3,14,0.0
2014,3,15,0.0
2014,3,16,32.5
2014,3,17,14.5
2014,3,18,40.0
2014,3,19,2.0
2014,3,20,0.5
2014,3,21,4.5
2014,3,22,0.0
2014,3,23,0.0
2014,3,24,0.0
2014,3,25,0.0
2014,3,26,0.0
2014,3,27,0.0
2014,3,28,0.0
2014,3,29,0.0
2014,3,30,0.0
2014,3,31,10.5
2014,4,1,0.2
2014,4,2,0.0
2014,4,3,0.0
2014,4,4,5.5
2014,4,5,18.4
2014,4,6,0.0
2014,4,7,3.0
2014,4,8,1.0
2014,4,9,0.0
2014,4,10,0.0
2014,4,11,0.0
2014,4,12,1.2
2014,4,13,1.0
2014,4,14,1.0
2014,4,15,3.0
2014,4,16,0.0
2014,4,17,0.0
2014,4,18,13.0
2014,4,19,0.0
2014,4,20,0.0
2014,4,21,3.0
2014,4,22,3.0
2014,4,23,89.5
2014,4,24,0.0
2014,4,25,1.5
2014,4,26,22.5
2014,4,27,1.4
2014,4,28,1.8
2014,4,29,0.0
2014,4,30,0.0
2014,5,1,1.8
2014,5,2,7.5
2014,5,3,0.0
2014,5,4,52.5
2014,5,5,0.5
2014,5,6,11.0
2014,5,7,22.1
2014,5,8,3.5
2014,5,9,0.0
2014,5,10,0.5
2014,5,11,1.0
2014,5,12,0.2
2014,5,13,0.0
2014,5,14,57.5
2014,5,15,2.2
2014,5,16,72.0
2014,5,17,33.8
2014,5,18,79.0
2014,5,19,39.6
2014,5,20,3.8
2014,5,21,0.0
2014,5,22,0.2
2014,5,23,25.4
2014,5,24,0.0
2014,5,25,0.0
2014,5,26,0.2
2014,5,27,1.6
2014,5,28,0.0
2014,5,29,0.2
2014,5,30,1.6
2014,5,31,0.6
2014,6,1,29.6
2014,6,2,5.0
2014,6,3,0.0
2014,6,4,2.2
2014,6,5,13.8
2014,6,6,38.0
2014,6,7,0.0
2014,6,8,0.0
2014,6,9,0.0
2014,6,10,0.8
2014,6,11,0.0
2014,6,12,21.6
2014,6,13,0.0
2014,6,14,11.2
2014,6,15,0.2
2014,6,16,0.0
2014,6,17,0.0
2014,6,18,4.4
2014,6,19,10.4
2014,6,20,0.0
2014,6,21,0.0
2014,6,22,4.0
2014,6,23,0.0
2014,6,24,13.8
2014,6,25,4.0
2014,6,26,0.4
2014,6,27,5.2
2014,6,28,0.0
2014,6,29,2.2
2014,6,30,38.8
2014,7,1,0.0
2014,7,2,0.0
2014,7,3,0.0
2014,7,4,0.0
2014,7,5,82.0
2014,7,6,0.0
2014,7,7,47.6
2014,7,8,26.4
2014,7,9,15.8
2014,7,10,0.0
2014,7,11,2.0
2014,7,12,0.4
2014,7,13,0.0
2014,7,14,0.0
2014,7,15,0.0
2014,7,16,0.0
2014,7,17,4.2
2014,7,18,0.0
2014,7,19,0.0
2014,7,20,0.0
2014,7,21,0.0
2014,7,22,0.0
2014,7,23,0.0
2014,7,24,0.0
2014,7,25,0.0
2014,7,26,0.0
2014,7,27,11.2
2014,7,28,0.0
2014,7,29,46.8
2014,7,30,12.6
2014,7,31,0.0
2014,8,1,2.6
2014,8,2,0.6
2014,8,3,6.0
2014,8,4,0.0
2014,8,5,32.0
2014,8,6,39.4
2014,8,7,4.2
2014,8,8,0.0
2014,8,9,0.0
2014,8,10,4.6
2014,8,11,0.4
2014,8,12,30.8
2014,8,13,0.2
2014,8,14,1.8
2014,8,15,17.6
2014,8,16,0.0
2014,8,17,0.0
2014,8,18,0.0
2014,8,19,7.6
2014,8,20,0.0
2014,8,21,25.2
2014,8,22,0.4
2014,8,23,20.8
2014,8,24,0.0
2014,8,25,2.0
2014,8,26,1.8
2014,8,27,14.6
2014,8,28,28.6
2014,8,29,47.8
2014,8,30,0.0
2014,8,31,0.0
2014,9,1,0.0
2014,9,2,0.0
2014,9,3,83.0
2014,9,4,0.2
2014,9,5,0.0
2014,9,6,6.4
2014,9,7,0.0
2014,9,8,0.0
2014,9,9,0.0
2014,9,10,0.0
2014,9,11,26.0
2014,9,12,0.0
2014,9,13,0.8
2014,9,14,0.0
2014,9,15,0.0
2014,9,16,0.0
2014,9,17,0.0
2014,9,18,0.0
2014,9,19,0.6
2014,9,20,10.6
2014,9,21,4.2
2014,9,22,0.0
2014,9,23,0.0
2014,9,24,15.4
2014,9,25,21.2
2014,9,26,0.0
2014,9,27,0.0
2014,9,28,0.0
2014,9,29,0.0
2014,9,30,0.0
2014,10,1,0.0
2014,10,2,0.0
2014,10,3,0.0
2014,10,4,83.0
2014,10,5,0.4
2014,10,6,0.0
2014,10,7,0.0
2014,10,8,0.0
2014,10,9,0.0
2014,10,10,0.0
2014,10,11,2.6
2014,10,12,0.0
2014,10,13,1.4
2014,10,14,0.4
2014,10,15,1.2
2014,10,16,20.2
2014,10,17,14.2
2014,10,18,36.4
2014,10,19,0.0
2014,10,20,0.0
2014,10,21,12.4
2014,10,22,3.6
2014,10,23,0.0
2014,10,24,0.0
2014,10,25,0.0
2014,10,26,3.4
2014,10,27,0.2
2014,10,28,2.4
2014,10,29,0.0
2014,10,30,0.6
2014,10,31,1.2
2014,11,1,0.0
2014,11,2,0.0
2014,11,3,0.0
2014,11,4,0.0
2014,11,5,1.4
2014,11,6,2.0
2014,11,7,0.2
2014,11,8,14.2
2014,11,9,21.6
2014,11,10,5.8
2014,11,11,3.2
2014,11,12,1.6
2014,11,13,0.0
2014,11,14,2.4
2014,11,15,1.2
2014,11,16,0.0
2014,11,17,
2014,11,18,
2014,11,19,
2014,11,20,
2014,11,21,
2014,11,22,
2014,11,23,
2014,11,24,
2014,11,25,
2014,11,26,17.6
2014,11,27,0.0
2014,11,28,12.5
2014,11,29,0.5
2014,11,30,0.0
2014,12,1,11.0
2014,12,2,0.0
2014,12,3,0.0
2014,12,4,48.5
2014,12,5,0.0
2014,12,6,1.5
2014,12,7,55.0
2014,12,8,5.0
2014,12,9,0.0
2014,12,10,0.0
2014,12,11,53.0
2014,12,12,10.2
2014,12,13,40.4
2014,12,14,0.0
2014,12,15,0.0
2014,12,16,0.0
2014,12,17,62.4
2014,12,18,41.2
2014,12,19,13.2
2014,12,20,12.8
2014,12,21,7.4
2014,12,22,0.0
2014,12,23,0.0
2014,12,24,27.2
2014,12,25,0.0
2014,12,26,41.8
2014,12,27,25.2
2014,12,28,1.0
2014,12,29,12.0
2014,12,30,0.0
2014,12,31,0.0
2015,1,1,0.4
2015,1,2,0.0
2015,1,3,0.0
2015,1,4,0.0
2015,1,5,0.0
2015,1,6,6.6
2015,1,7,14.4
2015,1,8,34.2
2015,1,9,1.6
2015,1,10,0.0
2015,1,11,27.0
2015,1,12,0.2
2015,1,13,0.0
2015,1,14,0.0
2015,1,15,0.0
2015,1,16,0.0
2015,1,17,0.0
2015,1,18,0.0
2015,1,19,0.0
2015,1,20,0.0
2015,1,21,7.8
2015,1,22,0.0
2015,1,23,0.0
2015,1,24,0.0
2015,1,25,0.0
2015,1,26,0.0
2015,1,27,0.0
2015,1,28,0.0
2015,1,29,0.0
2015,1,30,0.0
2015,1,31,0.0
2015,2,1,0.0
2015,2,2,7.6
2015,2,3,0.0
2015,2,4,0.2
2015,2,5,0.0
2015,2,6,12.2
2015,2,7,0.0
2015,2,8,0.0
2015,2,9,0.0
2015,2,10,0.0
2015,2,11,0.0
2015,2,12,0.0
2015,2,13,0.0
2015,2,14,0.0
2015,2,15,0.0
2015,2,16,0.0
2015,2,17,0.0
2015,2,18,5.8
2015,2,19,29.8
2015,2,20,0.0
2015,2,21,0.0
2015,2,22,0.0
2015,2,23,2.2
2015,2,24,0.0
2015,2,25,33.6
2015,2,26,0.2
2015,2,27,0.0
2015,2,28,0.0
2015,3,1,1.2
2015,3,2,64.2
2015,3,3,0.0
2015,3,4,0.0
2015,3,5,0.0
2015,3,6,0.0
2015,3,7,0.0
2015,3,8,0.0
2015,3,9,11.6
2015,3,10,4.0
2015,3,11,13.2
2015,3,12,0.0
2015,3,13,0.0
2015,3,14,47.0
2015,3,15,9.8
2015,3,16,0.0
2015,3,17,0.0
2015,3,18,0.0
2015,3,19,0.0
2015,3,20,0.0
2015,3,21,2.0
2015,3,22,30.4
2015,3,23,0.0
2015,3,24,0.0
2015,3,25,0.0
2015,3,26,0.0
2015,3,27,0.0
2015,3,28,0.0
2015,3,29,13.2
2015,3,30,0.0
2015,3,31,18.0
2015,4,1,9.4
2015,4,2,26.2
2015,4,3,0.0
2015,4,4,0.0
2015,4,5,0.2
2015,4,6,21.4
2015,4,7,0.0
2015,4,8,19.6
2015,4,9,0.0
2015,4,10,0.0
2015,4,11,1.0
2015,4,12,1.0
2015,4,13,0.0
2015,4,14,0.0
2015,4,15,0.0
2015,4,16,0.0
2015,4,17,0.0
2015,4,18,0.2
2015,4,19,27.8
2015,4,20,0.0
2015,4,21,0.6
2015,4,22,16.8
2015,4,23,6.2
2015,4,24,24.4
2015,4,25,2.0
2015,4,26,0.4
2015,4,27,2.2
2015,4,28,48.2
2015,4,29,0.2
2015,4,30,4.4
2015,5,1,0.0
2015,5,2,0.8
2015,5,3,83.2
2015,5,4,0.0
2015,5,5,0.0
2015,5,6,5.4
2015,5,7,14.6
2015,5,8,2.0
2015,5,9,0.0
2015,5,10,0.0
2015,5,11,0.0
2015,5,12,0.0
2015,5,13,0.0
2015,5,14,58.4
2015,5,15,40.0
2015,5,16,0.0
2015,5,17,0.0
2015,5,18,64.4
2015,5,19,5.2
2015,5,20,0.0
2015,5,21,0.0
2015,5,22,19.8
2015,5,23,6.2
2015,5,24,0.0
2015,5,25,0.4
2015,5,26,0.2
2015,5,27,0.0
2015,5,28,0.0
2015,5,29,0.0
2015,5,30,0.0
2015,5,31,0.0
2015,6,1,0.0
2015,6,2,35.2
2015,6,3,0.0
2015,6,4,0.4
2015,6,5,0.0
2015,6,6,4.0
2015,6,7,37.6
2015,6,8,56.2
2015,6,9,0.0
2015,6,10,0.0
2015,6,11,0.0
2015,6,12,27.6
2015,6,13,0.0
2015,6,14,10.6
2015,6,15,0.0
2015,6,16,19.0
2015,6,17,0.0
2015,6,18,0.0
2015,6,19,0.0
2015,6,20,0.0
2015,6,21,0.0
2015,6,22,0.0
2015,6,23,0.0
2015,6,24,0.4
2015,6,25,0.0
2015,6,26,0.0
2015,6,27,0.0
2015,6,28,0.0
2015,6,29,0.0
2015,6,30,0.0
2015,7,1,4.4
2015,7,2,0.0
2015,7,3,0.0
2015,7,4,23.8
2015,7,5,0.0
2015,7,6,0.0
2015,7,7,0.0
2015,7,8,2.2
2015,7,9,0.2
2015,7,10,4.2
2015,7,11,0.2
2015,7,12,0.0
2015,7,13,0.0
2015,7,14,0.8
2015,7,15,0.0
2015,7,16,16.2
2015,7,17,21.4
2015,7,18,0.2
2015,7,19,0.0
2015,7,20,0.0
2015,7,21,0.0
2015,7,22,0.0
2015,7,23,0.2
2015,7,24,0.0
2015,7,25,0.0
2015,7,26,0.0
2015,7,27,0.0
2015,7,28,0.0
2015,7,29,0.0
2015,7,30,0.0
2015,7,31,6.6
2015,8,1,0.2
2015,8,2,0.0
2015,8,3,39.2
2015,8,4,37.4
2015,8,5,0.0
2015,8,6,19.8
2015,8,7,25.8
2015,8,8,5.4
2015,8,9,9.4
2015,8,10,0.0
2015,8,11,27.0
2015,8,12,0.8
2015,8,13,0.0
2015,8,14,0.0
2015,8,15,0.0
2015,8,16,2.4
2015,8,17,0.0
2015,8,18,0.0
2015,8,19,0.0
2015,8,20,0.0
2015,8,21,3.2
2015,8,22,11.2
2015,8,23,0.0
2015,8,24,0.0
2015,8,25,0.8
2015,8,26,0.2
2015,8,27,0.0
2015,8,28,0.0
2015,8,29,0.0
2015,8,30,0.0
2015,8,31,0.0
2015,9,1,0.0
2015,9,2,0.0
2015,9,3,10.8
2015,9,4,0.6
2015,9,5,0.0
2015,9,6,0.0
2015,9,7,0.0
2015,9,8,0.0
2015,9,9,55.6
2015,9,10,0.0
2015,9,11,0.0
2015,9,12,0.0
2015,9,13,0.0
2015,9,14,4.8
2015,9,15,24.8
2015,9,16,15.0
2015,9,17,0.0
2015,9,18,0.0
2015,9,19,0.0
2015,9,20,4.8
2015,9,21,0.0
2015,9,22,0.2
2015,9,23,0.0
2015,9,24,0.0
2015,9,25,0.0
2015,9,26,0.0
2015,9,27,0.0
2015,9,28,34.6
2015,9,29,0.0
2015,9,30,2.0
2015,10,1,0.0
2015,10,2,9.0
2015,10,3,0.0
2015,10,4,0.0
2015,10,5,4.2
2015,10,6,21.2
2015,10,7,17.4
2015,10,8,0.0
2015,10,9,0.0
2015,10,10,0.0
2015,10,11,0.0
2015,10,12,0.0
2015,10,13,0.0
2015,10,14,0.0
2015,10,15,0.0
2015,10,16,0.0
2015,10,17,0.0
2015,10,18,0.0
2015,10,19,0.0
2015,10,20,0.0
2015,10,21,0.0
2015,10,22,0.0
2015,10,23,0.0
2015,10,24,1.0
2015,10,25,4.4
2015,10,26,0.2
2015,10,27,7.6
2015,10,28,10.8
2015,10,29,0.0
2015,10,30,4.8
2015,10,31,6.2
2015,11,1,0.6
2015,11,2,2.2
2015,11,3,0.0
2015,11,4,0.0
2015,11,5,0.0
2015,11,6,3.8
2015,11,7,46.8
2015,11,8,0.2
2015,11,9,6.0
2015,11,10,7.0
2015,11,11,15.0
2015,11,12,0.2
2015,11,13,8.8
2015,11,14,0.0
2015,11,15,0.6
2015,11,16,35.2
2015,11,17,40.2
2015,11,18,0.0
2015,11,19,0.8
2015,11,20,20.0
2015,11,21,3.0
2015,11,22,0.2
2015,11,23,0.0
2015,11,24,20.6
2015,11,25,6.2
2015,11,26,13.8
2015,11,27,6.0
2015,11,28,5.2
2015,11,29,8.2
2015,11,30,3.8
2015,12,1,17.6
2015,12,2,6.4
2015,12,3,18.8
2015,12,4,0.0
2015,12,5,21.4
2015,12,6,4.0
2015,12,7,0.0
2015,12,8,2.0
2015,12,9,0.8
2015,12,10,14.4
2015,12,11,13.2
2015,12,12,18.4
2015,12,13,7.8
2015,12,14,2.4
2015,12,15,0.0
2015,12,16,0.0
2015,12,17,0.0
2015,12,18,0.8
2015,12,19,0.8
2015,12,20,0.0
2015,12,21,0.0
2015,12,22,0.0
2015,12,23,9.4
2015,12,24,15.2
2015,12,25,17.8
2015,12,26,0.0
2015,12,27,0.0
2015,12,28,88.4
2015,12,29,23.0
2015,12,30,0.0
2015,12,31,4.4
2016,1,1,
2016,1,2,
2016,1,3,
2016,1,4,
2016,1,5,0.2
2016,1,6,7.6
2016,1,7,0.0
2016,1,8,0.0
2016,1,9,0.0
2016,1,10,0.0
2016,1,11,50.4
2016,1,12,0.2
2016,1,13,0.8
2016,1,14,7.4
2016,1,15,1.2
2016,1,16,0.4
2016,1,17,18.4
2016,1,18,16.0
2016,1,19,0.6
2016,1,20,13.2
2016,1,21,0.0
2016,1,22,6.8
2016,1,23,39.4
2016,1,24,0.2
2016,1,25,7.0
2016,1,26,1.8
2016,1,27,0.0
2016,1,28,55.2
2016,1,29,25.6
2016,1,30,0.2
2016,1,31,33.4
2016,2,1,0.0
2016,2,2,2.0
2016,2,3,0.0
2016,2,4,4.2
2016,2,5,16.0
2016,2,6,7.8
2016,2,7,17.0
2016,2,8,0.0
2016,2,9,0.0
2016,2,10,0.2
2016,2,11,0.0
2016,2,12,30.0
2016,2,13,0.0
2016,2,14,31.0
2016,2,15,3.2
2016,2,16,0.0
2016,2,17,0.0
2016,2,18,0.0
2016,2,19,86.0
2016,2,20,13.6
2016,2,21,0.0
2016,2,22,0.0
2016,2,23,0.0
2016,2,24,6.6
2016,2,25,0.2
2016,2,26,0.0
2016,2,27,0.0
2016,2,28,2.0
2016,2,29,0.0
2016,3,1,0.0
2016,3,2,0.0
2016,3,3,0.0
2016,3,4,10.0
2016,3,5,0.0
2016,3,6,0.0
2016,3,7,0.0
2016,3,8,45.2
2016,3,9,0.0
2016,3,10,15.6
2016,3,11,0.0
2016,3,12,0.0
2016,3,13,8.2
2016,3,14,20.0
2016,3,15,0.0
2016,3,16,0.0
2016,3,17,3.2
2016,3,18,0.0
2016,3,19,0.0
2016,3,20,2.0
2016,3,21,1.6
2016,3,22,0.0
2016,3,23,0.0
2016,3,24,6.6
2016,3,25,0.0
2016,3,26,0.0
2016,3,27,0.0
2016,3,28,0.0
2016,3,29,0.0
2016,3,30,0.0
2016,3,31,0.0
2016,4,1,0.0
2016,4,2,0.0
2016,4,3,26.0
2016,4,4,0.2
2016,4,5,45.6
2016,4,6,0.0
2016,4,7,0.0
2016,4,8,0.0
2016,4,9,15.4
2016,4,10,6.4
2016,4,11,0.0
2016,4,12,7.8
2016,4,13,1.4
2016,4,14,0.0
2016,4,15,1.8
2016,4,16,2.2
2016,4,17,12.8
2016,4,18,0.0
2016,4,19,0.0
2016,4,20,75.4
2016,4,21,0.0
2016,4,22,4.6
2016,4,23,27.8
2016,4,24,0.2
2016,4,25,2.0
2016,4,26,1.6
2016,4,27,2.8
2016,4,28,0.0
2016,4,29,38.8
2016,4,30,47.0
2016,5,1,0.2
2016,5,2,24.4
2016,5,3,0.0
2016,5,4,0.0
2016,5,5,1.2
2016,5,6,5.6
2016,5,7,9.2
2016,5,8,0.4
2016,5,9,1.2
2016,5,10,0.0
2016,5,11,23.4
2016,5,12,0.0
2016,5,13,1.0
2016,5,14,69.0
2016,5,15,31.8
2016,5,16,1.2
2016,5,17,0.0
2016,5,18,95.2
2016,5,19,0.0
2016,5,20,0.0
2016,5,21,34.2
2016,5,22,25.0
2016,5,23,0.2
2016,5,24,0.2
2016,5,25,12.0
2016,5,26,0.0
2016,5,27,0.0
2016,5,28,0.2
2016,5,29,0.0
2016,5,30,0.8
2016,5,31,0.0
2016,6,1,31.2
2016,6,2,1.4
2016,6,3,0.0
2016,6,4,0.0
2016,6,5,0.0
2016,6,6,5.0
2016,6,7,0.0
2016,6,8,14.6
2016,6,9,22.6
2016,6,10,0.8
2016,6,11,2.2
2016,6,12,0.0
2016,6,13,7.4
2016,6,14,0.4
2016,6,15,4.6
2016,6,16,9.6
2016,6,17,192.2
2016,6,18,2.0
2016,6,19,0.2
2016,6,20,0.0
2016,6,21,0.0
2016,6,22,4.0
2016,6,23,0.0
2016,6,24,35.0
2016,6,25,6.4
2016,6,26,0.0
2016,6,27,0.0
2016,6,28,0.0
2016,6,29,0.0
2016,6,30,0.0
2016,7,1,0.0
2016,7,2,0.0
2016,7,3,0.0
2016,7,4,0.0
2016,7,5,0.0
2016,7,6,10.8
2016,7,7,10.6
2016,7,8,50.2
2016,7,9,0.0
2016,7,10,0.0
2016,7,11,1.6
2016,7,12,0.0
2016,7,13,57.2
2016,7,14,56.2
2016,7,15,22.2
2016,7,16,0.0
2016,7,17,4.0
2016,7,18,0.4
2016,7,19,16.0
2016,7,20,60.5
2016,7,21,21.0
2016,7,22,15.0
2016,7,23,7.5
2016,7,24,3.5
2016,7,25,0.0
2016,7,26,42.5
2016,7,27,0.0
2016,7,28,3.5
2016,7,29,0.0
2016,7,30,0.0
2016,7,31,0.0
2016,8,1,
2016,8,2,
2016,8,3,3.5
2016,8,4,0.0
2016,8,5,0.2
2016,8,6,0.0
2016,8,7,0.0
2016,8,8,0.0
2016,8,9,0.0
2016,8,10,0.0
2016,8,11,0.0
2016,8,12,3.6
2016,8,13,0.0
2016,8,14,0.0
2016,8,15,2.0
2016,8,16,0.0
2016,8,17,1.8
2016,8,18,0.0
2016,8,19,19.2
2016,8,20,0.0
2016,8,21,16.4
2016,8,22,0.0
2016,8,23,0.0
2016,8,24,53.6
2016,8,25,0.0
2016,8,26,0.0
2016,8,27,0.0
2016,8,28,0.0
2016,8,29,0.0
2016,8,30,3.0
2016,8,31,0.0
2016,9,1,23.8
2016,9,2,0.0
2016,9,3,0.0
2016,9,4,1.8
2016,9,5,0.0
2016,9,6,1.4
2016,9,7,50.4
2016,9,8,0.0
2016,9,9,3.2
2016,9,10,18.6
2016,9,11,16.8
2016,9,12,0.4
2016,9,13,0.0
2016,9,14,5.2
2016,9,15,0.0
2016,9,16,6.6
2016,9,17,2.8
2016,9,18,36.6
2016,9,19,8.8
2016,9,20,14.4
2016,9,21,0.4
2016,9,22,0.0
2016,9,23,0.0
2016,9,24,0.0
2016,9,25,1.2
2016,9,26,5.8
2016,9,27,0.0
2016,9,28,1.0
2016,9,29,0.0
2016,9,30,0.0
2016,10,1,0.0
2016,10,2,2.8
2016,10,3,7.6
2016,10,4,0.0
2016,10,5,0.0
2016,10,6,7.2
2016,10,7,74.6
2016,10,8,0.2
2016,10,9,0.0
2016,10,10,0.0
2016,10,11,0.0
2016,10,12,0.0
2016,10,13,0.0
2016,10,14,54.0
2016,10,15,0.0
2016,10,16,5.2
2016,10,17,0.6
2016,10,18,0.0
2016,10,19,13.6
2016,10,20,0.0
2016,10,21,55.6
2016,10,22,0.6
2016,10,23,0.2
2016,10,24,1.8
2016,10,25,62.6
2016,10,26,1.8
2016,10,27,25.0
2016,10,28,2.4
2016,10,29,10.2
2016,10,30,2.0
2016,10,31,0.0
2016,11,1,5.6
2016,11,2,5.2
2016,11,3,2.6
2016,11,4,1.4
2016,11,5,14.2
2016,11,6,1.2
2016,11,7,1.6
2016,11,8,0.0
2016,11,9,0.0
2016,11,10,0.0
2016,11,11,35.0
2016,11,12,2.8
2016,11,13,0.2
2016,11,14,29.8
2016,11,15,26.4
2016,11,16,68.8
2016,11,17,0.0
2016,11,18,3.2
2016,11,19,9.8
2016,11,20,3.2
2016,11,21,0.2
2016,11,22,12.6
2016,11,23,3.8
2016,11,24,0.0
2016,11,25,1.2
2016,11,26,15.4
2016,11,27,3.0
2016,11,28,0.0
2016,11,29,0.0
2016,11,30,0.0
2016,12,1,6.4
2016,12,2,3.6
2016,12,3,0.8
2016,12,4,0.2
2016,12,5,18.2
2016,12,6,0.4
2016,12,7,0.0
2016,12,8,0.2
2016,12,9,0.0
2016,12,10,0.2
2016,12,11,0.8
2016,12,12,0.0
2016,12,13,0.0
2016,12,14,0.0
2016,12,15,0.0
2016,12,16,0.0
2016,12,17,2.8
2016,12,18,36.4
2016,12,19,1.2
2016,12,20,0.0
2016,12,21,0.0
2016,12,22,35.8
2016,12,23,15.4
2016,12,24,2.0
2016,12,25,22.2
2016,12,26,0.0
2016,12,27,10.2
2016,12,28,1.4
2016,12,29,0.0
2016,12,30,0.4
2016,12,31,0.0
2017,1,1,14.8
2017,1,2,2.0
2017,1,3,0.2
2017,1,4,2.0
2017,1,5,2.4
2017,1,6,0.0
2017,1,7,0.0
2017,1,8,0.0
2017,1,9,0.0
2017,1,10,0.0
2017,1,11,0.0
2017,1,12,0.0
2017,1,13,0.0
2017,1,14,0.0
2017,1,15,0.0
2017,1,16,0.0
2017,1,17,0.0
2017,1,18,32.8
2017,1,19,15.0
2017,1,20,2.4
2017,1,21,5.4
2017,1,22,18.8
2017,1,23,78.0
2017,1,24,8.4
2017,1,25,11.6
2017,1,26,2.2
2017,1,27,0.2
2017,1,28,0.2
2017,1,29,0.0
2017,1,30,7.6
2017,1,31,0.0
2017,2,1,0.0
2017,2,2,0.0
2017,2,3,3.2
2017,2,4,0.0
2017,2,5,0.0
2017,2,6,0.0
2017,2,7,0.2
2017,2,8,22.6
2017,2,9,0.2
2017,2,10,0.0
2017,2,11,0.0
2017,2,12,3.6
2017,2,13,1.8
2017,2,14,0.6
2017,2,15,1.4
2017,2,16,0.0
2017,2,17,0.0
2017,2,18,0.0
2017,2,19,0.2
2017,2,20,0.2
2017,2,21,16.2
2017,2,22,0.0
2017,2,23,7.2
2017,2,24,6.6
2017,2,25,13.0
2017,2,26,10.4
2017,2,27,0.0
2017,2,28,12.4
2017,3,1,16.4
2017,3,2,0.0
2017,3,3,33.8
2017,3,4,3.4
2017,3,5,17.4
2017,3,6,5.8
2017,3,7,0.6
2017,3,8,0.8
2017,3,9,0.0
2017,3,10,0.0
2017,3,11,2.8
2017,3,12,21.4
2017,3,13,0.0
2017,3,14,0.0
2017,3,15,0.0
2017,3,16,5.2
2017,3,17,33.0
2017,3,18,14.8
2017,3,19,0.0
2017,3,20,7.0
2017,3,21,0.0
2017,3,22,10.6
2017,3,23,0.0
2017,3,24,0.0
2017,3,25,0.4
2017,3,26,1.4
2017,3,27,0.0
2017,3,28,0.2
2017,3,29,20.2
2017,3,30,6.0
2017,3,31,0.0
2017,4,1,
2017,4,2,
2017,4,3,
2017,4,4,
2017,4,5,5.2
2017,4,6,0.0
2017,4,7,27.0
2017,4,8,1.5
2017,4,9,0.5
2017,4,10,
2017,4,11,0.0
2017,4,12,23.5
2017,4,13,26.5
2017,4,14,28.0
2017,4,15,56.5
2017,4,16,5.5
2017,4,17,45.8
2017,4,18,25.2
2017,4,19,0.0
2017,4,20,0.0
2017,4,21,
2017,4,22,0.0
2017,4,23,0.0
2017,4,24,0.0
2017,4,25,0.8
2017,4,26,3.4
2017,4,27,
2017,4,28,
2017,4,29,0.4
2017,4,30,
2017,5,1,0.0
2017,5,2,
2017,5,3,
2017,5,4,
2017,5,5,
2017,5,6,0.0
2017,5,7,3.8
2017,5,8,0.0
2017,5,9,2.0
2017,5,10,23.6
2017,5,11,1.6
2017,5,12,30.6
2017,5,13,0.0
2017,5,14,0.0
2017,5,15,
2017,5,16,
2017,5,17,0.0
2017,5,18,0.0
2017,5,19,0.0
2017,5,20,0.0
2017,5,21,4.8
2017,5,22,56.2
2017,5,23,2.8
2017,5,24,40.6
2017,5,25,1.0
2017,5,26,11.8
2017,5,27,
2017,5,28,
2017,5,29,0.0
2017,5,30,15.6
2017,5,31,23.2
2017,6,1,4.2
2017,6,2,0.0
2017,6,3,0.0
2017,6,4,0.0
2017,6,5,0.0
2017,6,6,0.0
2017,6,7,0.0
2017,6,8,0.0
2017,6,9,0.0
2017,6,10,23.0
2017,6,11,0.0
2017,6,12,0.0
2017,6,13,0.0
2017,6,14,66.8
2017,6,15,0.0
2017,6,16,27.8
2017,6,17,0.0
2017,6,18,40.2
2017,6,19,0.0
2017,6,20,3.2
2017,6,21,0.0
2017,6,22,0.0
2017,6,23,
2017,6,24,0.0
2017,6,25,0.0
2017,6,26,
2017,6,27,
2017,6,28,29.6
2017,6,29,
2017,6,30,0.0
2017,7,1,
2017,7,2,0.0
2017,7,3,0.0
2017,7,4,0.0
2017,7,5,33.0
2017,7,6,2.0
2017,7,7,0.0
2017,7,8,6.0
2017,7,9,
2017,7,10,0.0
2017,7,11,0.0
2017,7,12,8.0
2017,7,13,
2017,7,14,9.0
2017,7,15,
2017,7,16,0.0
2017,7,17,0.0
2017,7,18,0.0
2017,7,19,0.0
2017,7,20,0.0
2017,7,21,0.0
2017,7,22,0.0
2017,7,23,0.0
2017,7,24,0.0
2017,7,25,0.0
2017,7,26,0.0
2017,7,27,0.0
2017,7,28,0.0
2017,7,29,0.0
2017,7,30,0.0
2017,7,31,0.0
2017,8,1,0.0
2017,8,2,0.0
2017,8,3,0.0
2017,8,4,0.0
2017,8,5,0.0
2017,8,6,0.2
2017,8,7,0.2
2017,8,8,0.4
2017,8,9,0.0
2017,8,10,0.0
2017,8,11,15.4
2017,8,12,15.6
2017,8,13,3.6
2017,8,14,0.0
2017,8,15,65.0
2017,8,16,0.0
2017,8,17,41.6
2017,8,18,0.4
2017,8,19,0.0
2017,8,20,0.0
2017,8,21,0.2
2017,8,22,2.2
2017,8,23,0.0
2017,8,24,25.2
2017,8,25,0.0
2017,8,26,0.0
2017,8,27,5.8
2017,8,28,0.0
2017,8,29,0.4
2017,8,30,0.2
2017,8,31,0.0
2017,9,1,0.0
2017,9,2,0.0
2017,9,3,0.0
2017,9,4,0.0
2017,9,5,0.8
2017,9,6,37.8
2017,9,7,2.0
2017,9,8,12.0
2017,9,9,0.2
2017,9,10,0.8
2017,9,11,19.2
2017,9,12,0.0
2017,9,13,0.0
2017,9,14,58.4
2017,9,15,20.8
2017,9,16,
2017,9,17,18.6
2017,9,18,21.2
2017,9,19,8.2
2017,9,20,
2017,9,21,6.0
2017,9,22,0.0
2017,9,23,2.0
2017,9,24,7.8
2017,9,25,0.0
2017,9,26,15.4
2017,9,27,0.0
2017,9,28,2.6
2017,9,29,28.6
2017,9,30,3.2
2017,10,1,5.4
2017,10,2,0.0
2017,10,3,61.6
2017,10,4,
2017,10,5,
2017,10,6,11.4
2017,10,7,16.6
2017,10,8,0.0
2017,10,9,8.0
2017,10,10,0.8
2017,10,11,12.4
2017,10,12,21.4
2017,10,13,4.0
2017,10,14,0.0
2017,10,15,0.0
2017,10,16,0.0
2017,10,17,0.0
2017,10,18,0.0
2017,10,19,0.0
2017,10,20,0.0
2017,10,21,0.0
2017,10,22,0.0
2017,10,23,0.0
2017,10,24,0.0
2017,10,25,0.0
2017,10,26,0.0
2017,10,27,0.0
2017,10,28,0.0
2017,10,29,31.8
2017,10,30,24.4
2017,10,31,1.4
2017,11,1,0.0
2017,11,2,0.0
2017,11,3,14.6
2017,11,4,8.0
2017,11,5,1.2
2017,11,6,32.0
2017,11,7,0.2
2017,11,8,17.6
2017,11,9,1.6
2017,11,10,1.2
2017,11,11,1.4
2017,11,12,0.2
2017,11,13,5.4
2017,11,14,80.8
2017,11,15,0.2
2017,11,16,0.2
2017,11,17,4.8
2017,11,18,3.0
2017,11,19,0.0
2017,11,20,0.0
2017,11,21,6.6
2017,11,22,15.8
2017,11,23,10.4
2017,11,24,10.4
2017,11,25,31.0
2017,11,26,1.4
2017,11,27,1.4
2017,11,28,10.8
2017,11,29,5.5
2017,11,30,3.0
2017,12,1,0.0
2017,12,2,0.0
2017,12,3,1.0
2017,12,4,4.2
2017,12,5,0.0
2017,12,6,0.0
2017,12,7,0.6
2017,12,8,0.0
2017,12,9,0.0
2017,12,10,64.2
2017,12,11,40.0
2017,12,12,17.6
2017,12,13,0.0
2017,12,14,0.0
2017,12,15,9.0
2017,12,16,0.2
2017,12,17,0.0
2017,12,18,0.0
2017,12,19,
2017,12,20,
2017,12,21,
2017,12,22,
2017,12,23,
2017,12,24,
2017,12,25,
2017,12,26,
2017,12,27,
2017,12,28,
2017,12,29,
2017,12,30,
2017,12,31,
2018,1,1,
2018,1,2,
2018,1,3,
2018,1,4,
2018,1,5,
2018,1,6,
2018,1,7,
2018,1,8,
2018,1,9,
2018,1,10,
2018,1,11,
2018,1,12,
2018,1,13,
2018,1,14,
2018,1,15,
2018,1,16,
2018,1,17,
2018,1,18,
2018,1,19,
2018,1,20,
2018,1,21,
2018,1,22,
2018,1,23,
2018,1,24,
2018,1,25,
2018,1,26,
2018,1,27,
2018,1,28,
2018,1,29,
2018,1,30,
2018,1,31,
2018,2,1,
2018,2,2,
2018,2,3,
2018,2,4,
2018,2,5,
2018,2,6,
2018,2,7,
2018,2,8,
2018,2,9,
2018,2,10,
2018,2,11,
2018,2,12,
2018,2,13,
2018,2,14,
2018,2,15,
2018,2,16,
2018,2,17,
2018,2,18,
2018,2,19,
2018,2,20,
2018,2,21,
2018,2,22,
2018,2,23,
2018,2,24,
2018,2,25,
2018,2,26,
2018,2,27,
2018,2,28,
2018,10,1,
2018,10,2,
2018,10,3,
2018,10,4,
2018,10,5,
2018,10,6,
2018,10,7,
2018,10,8,
2018,10,9,
2018,10,10,
2018,10,11,
2018,10,12,
2018,10,13,
2018,10,14,
2018,10,15,
2018,10,16,
2018,10,17,
2018,10,18,
2018,10,19,
2018,10,20,
2018,10,21,
2018,10,22,
2018,10,23,
2018,10,24,
2018,10,25,
2018,10,26,
2018,10,27,
2018,10,28,
2018,10,29,
2018,10,30,
2018,10,31,
