year,month,day,Daily Rainfall Total (mm)
2000,1,1,8.7
2000,1,2,10.9
2000,1,3,0.6
2000,1,4,0.0
2000,1,5,78.2
2000,1,6,0.4
2000,1,7,0.0
2000,1,8,0.0
2000,1,9,0.0
2000,1,10,6.3
2000,1,11,3.9
2000,1,12,37.7
2000,1,13,0.8
2000,1,14,0.0
2000,1,15,0.0
2000,1,16,62.1
2000,1,17,71.3
2000,1,18,0.1
2000,1,19,0.1
2000,1,20,0.0
2000,1,21,0.0
2000,1,22,0.0
2000,1,23,0.0
2000,1,24,1.5
2000,1,25,12.3
2000,1,26,0.0
2000,1,27,0.0
2000,1,28,0.8
2000,1,29,2.7
2000,1,30,8.8
2000,1,31,10.0
2000,2,1,13.9
2000,2,2,0.7
2000,2,3,0.3
2000,2,4,0.0
2000,2,5,0.0
2000,2,6,30.8
2000,2,7,30.4
2000,2,8,0.0
2000,2,9,3.2
2000,2,10,0.0
2000,2,11,0.0
2000,2,12,0.0
2000,2,13,3.1
2000,2,14,11.7
2000,2,15,0.0
2000,2,16,0.0
2000,2,17,18.7
2000,2,18,29.5
2000,2,19,10.7
2000,2,20,10.4
2000,2,21,14.9
2000,2,22,21.7
2000,2,23,8.1
2000,2,24,9.6
2000,2,25,5.3
2000,2,26,0.1
2000,2,27,0.0
2000,2,28,0.5
2000,2,29,0.0
2000,3,1,0.1
2000,3,2,0.0
2000,3,3,0.3
2000,3,4,0.0
2000,3,5,0.0
2000,3,6,0.0
2000,3,7,0.0
2000,3,8,0.0
2000,3,9,0.0
2000,3,10,0.0
2000,3,11,5.3
2000,3,12,3.4
2000,3,13,11.6
2000,3,14,2.3
2000,3,15,37.6
2000,3,16,2.2
2000,3,17,3.7
2000,3,18,1.8
2000,3,19,18.4
2000,3,20,16.7
2000,3,21,0.1
2000,3,22,0.9
2000,3,23,0.7
2000,3,24,1.3
2000,3,25,44.7
2000,3,26,9.9
2000,3,27,0.0
2000,3,28,56.5
2000,3,29,3.9
2000,3,30,35.0
2000,3,31,0.0
2000,4,1,0.7
2000,4,2,30.9
2000,4,3,1.0
2000,4,4,0.1
2000,4,5,0.2
2000,4,6,2.4
2000,4,7,0.9
2000,4,8,1.6
2000,4,9,18.9
2000,4,10,1.5
2000,4,11,0.2
2000,4,12,0.0
2000,4,13,0.0
2000,4,14,0.0
2000,4,15,0.0
2000,4,16,0.0
2000,4,17,7.1
2000,4,18,5.6
2000,4,19,0.0
2000,4,20,3.2
2000,4,21,64.0
2000,4,22,0.0
2000,4,23,14.8
2000,4,24,0.6
2000,4,25,0.9
2000,4,26,3.1
2000,4,27,1.3
2000,4,28,6.4
2000,4,29,1.7
2000,4,30,0.5
2000,5,1,0.0
2000,5,2,0.0
2000,5,3,16.9
2000,5,4,7.9
2000,5,5,6.2
2000,5,6,0.0
2000,5,7,0.0
2000,5,8,0.0
2000,5,9,0.0
2000,5,10,0.0
2000,5,11,53.2
2000,5,12,0.0
2000,5,13,0.0
2000,5,14,0.0
2000,5,15,27.3
2000,5,16,0.3
2000,5,17,0.0
2000,5,18,49.5
2000,5,19,0.6
2000,5,20,6.8
2000,5,21,0.0
2000,5,22,0.7
2000,5,23,0.0
2000,5,24,17.3
2000,5,25,6.3
2000,5,26,0.3
2000,5,27,3.8
2000,5,28,0.0
2000,5,29,0.0
2000,5,30,0.9
2000,5,31,0.0
2000,6,1,0.0
2000,6,2,26.6
2000,6,3,7.9
2000,6,4,0.6
2000,6,5,26.0
2000,6,6,19.3
2000,6,7,2.2
2000,6,8,4.2
2000,6,9,0.0
2000,6,10,1.8
2000,6,11,3.9
2000,6,12,0.0
2000,6,13,0.0
2000,6,14,0.1
2000,6,15,1.0
2000,6,16,0.0
2000,6,17,33.2
2000,6,18,7.9
2000,6,19,0.0
2000,6,20,2.0
2000,6,21,0.0
2000,6,22,0.3
2000,6,23,0.3
2000,6,24,0.6
2000,6,25,0.0
2000,6,26,0.0
2000,6,27,2.1
2000,6,28,0.0
2000,6,29,0.0
2000,6,30,1.1
2000,7,1,3.1
2000,7,2,0.1
2000,7,3,0.0
2000,7,4,12.3
2000,7,5,0.5
2000,7,6,0.0
2000,7,7,0.0
2000,7,8,0.0
2000,7,9,0.0
2000,7,10,0.0
2000,7,11,0.0
2000,7,12,0.0
2000,7,13,0.0
2000,7,14,0.0
2000,7,15,0.0
2000,7,16,25.2
2000,7,17,0.0
2000,7,18,0.0
2000,7,19,0.1
2000,7,20,1.1
2000,7,21,0.0
2000,7,22,1.2
2000,7,23,9.8
2000,7,24,31.9
2000,7,25,32.8
2000,7,26,0.0
2000,7,27,3.2
2000,7,28,0.0
2000,7,29,25.8
2000,7,30,11.8
2000,7,31,25.7
2000,8,1,3.0
2000,8,2,0.7
2000,8,3,0.4
2000,8,4,32.5
2000,8,5,0.0
2000,8,6,2.0
2000,8,7,6.9
2000,8,8,2.1
2000,8,9,0.1
2000,8,10,2.5
2000,8,11,6.4
2000,8,12,4.1
2000,8,13,0.0
2000,8,14,0.0
2000,8,15,6.5
2000,8,16,1.2
2000,8,17,0.0
2000,8,18,4.0
2000,8,19,0.0
2000,8,20,9.0
2000,8,21,0.0
2000,8,22,0.0
2000,8,23,0.0
2000,8,24,0.0
2000,8,25,0.0
2000,8,26,36.7
2000,8,27,2.3
2000,8,28,0.0
2000,8,29,0.0
2000,8,30,3.1
2000,8,31,0.0
2000,9,1,0.1
2000,9,2,0.0
2000,9,3,0.0
2000,9,4,26.5
2000,9,5,0.0
2000,9,6,0.0
2000,9,7,0.0
2000,9,8,0.0
2000,9,9,0.4
2000,9,10,32.2
2000,9,11,0.0
2000,9,12,0.2
2000,9,13,0.0
2000,9,14,2.5
2000,9,15,14.7
2000,9,16,6.2
2000,9,17,2.5
2000,9,18,40.7
2000,9,19,0.0
2000,9,20,53.7
2000,9,21,2.8
2000,9,22,13.8
2000,9,23,2.1
2000,9,24,0.4
2000,9,25,46.7
2000,9,26,63.8
2000,9,27,0.0
2000,9,28,1.0
2000,9,29,0.0
2000,9,30,30.2
2000,10,1,7.1
2000,10,2,9.7
2000,10,3,0.0
2000,10,4,70.4
2000,10,5,1.3
2000,10,6,0.0
2000,10,7,0.0
2000,10,8,0.0
2000,10,9,0.0
2000,10,10,0.0
2000,10,11,0.0
2000,10,12,0.0
2000,10,13,0.5
2000,10,14,6.4
2000,10,15,0.0
2000,10,16,0.2
2000,10,17,0.0
2000,10,18,1.5
2000,10,19,22.9
2000,10,20,3.6
2000,10,21,0.2
2000,10,22,0.4
2000,10,23,0.0
2000,10,24,5.8
2000,10,25,1.3
2000,10,26,0.0
2000,10,27,62.8
2000,10,28,0.0
2000,10,29,0.0
2000,10,30,0.5
2000,10,31,0.0
2000,11,1,0.0
2000,11,2,0.0
2000,11,3,0.9
2000,11,4,0.7
2000,11,5,0.1
2000,11,6,0.0
2000,11,7,18.8
2000,11,8,31.2
2000,11,9,0.2
2000,11,10,2.1
2000,11,11,4.5
2000,11,12,0.0
2000,11,13,0.4
2000,11,14,9.2
2000,11,15,6.6
2000,11,16,13.1
2000,11,17,13.3
2000,11,18,43.8
2000,11,19,3.8
2000,11,20,25.6
2000,11,21,1.0
2000,11,22,30.8
2000,11,23,0.2
2000,11,24,0.1
2000,11,25,0.0
2000,11,26,4.6
2000,11,27,23.8
2000,11,28,6.0
2000,11,29,0.0
2000,11,30,29.0
2000,12,1,0.0
2000,12,2,0.1
2000,12,3,0.0
2000,12,4,0.0
2000,12,5,2.5
2000,12,6,23.2
2000,12,7,0.0
2000,12,8,0.0
2000,12,9,0.0
2000,12,10,19.5
2000,12,11,5.6
2000,12,12,0.3
2000,12,13,0.0
2000,12,14,9.8
2000,12,15,21.9
2000,12,16,2.0
2000,12,17,0.1
2000,12,18,1.3
2000,12,19,2.0
2000,12,20,0.2
2000,12,21,1.3
2000,12,22,8.4
2000,12,23,7.7
2000,12,24,6.9
2000,12,25,1.0
2000,12,26,6.4
2000,12,27,0.3
2000,12,28,8.7
2000,12,29,19.5
2000,12,30,3.2
2000,12,31,0.0
2001,1,1,56.9
2001,1,2,0.0
2001,1,3,0.7
2001,1,4,1.3
2001,1,5,17.4
2001,1,6,7.2
2001,1,7,7.5
2001,1,8,20.0
2001,1,9,1.8
2001,1,10,0.0
2001,1,11,7.0
2001,1,12,35.8
2001,1,13,0.0
2001,1,14,15.4
2001,1,15,79.6
2001,1,16,73.4
2001,1,17,9.2
2001,1,18,0.0
2001,1,19,74.9
2001,1,20,0.8
2001,1,21,1.1
2001,1,22,20.6
2001,1,23,1.1
2001,1,24,19.4
2001,1,25,94.5
2001,1,26,1.3
2001,1,27,15.8
2001,1,28,0.5
2001,1,29,19.9
2001,1,30,3.8
2001,1,31,0.4
2001,2,1,0.0
2001,2,2,2.6
2001,2,3,0.0
2001,2,4,0.4
2001,2,5,0.0
2001,2,6,25.0
2001,2,7,0.0
2001,2,8,0.0
2001,2,9,0.0
2001,2,10,0.0
2001,2,11,1.3
2001,2,12,0.0
2001,2,13,10.0
2001,2,14,1.2
2001,2,15,0.1
2001,2,16,0.0
2001,2,17,0.0
2001,2,18,24.6
2001,2,19,0.5
2001,2,20,0.2
2001,2,21,10.2
2001,2,22,4.9
2001,2,23,0.0
2001,2,24,53.8
2001,2,25,0.0
2001,2,26,0.0
2001,2,27,1.8
2001,2,28,0.0
2001,3,1,0.1
2001,3,2,0.0
2001,3,3,8.6
2001,3,4,0.1
2001,3,5,0.0
2001,3,6,0.5
2001,3,7,0.8
2001,3,8,17.5
2001,3,9,0.0
2001,3,10,12.3
2001,3,11,0.0
2001,3,12,33.3
2001,3,13,0.0
2001,3,14,0.0
2001,3,15,0.2
2001,3,16,0.8
2001,3,17,9.1
2001,3,18,0.0
2001,3,19,17.1
2001,3,20,0.0
2001,3,21,0.0
2001,3,22,13.3
2001,3,23,21.0
2001,3,24,2.5
2001,3,25,19.6
2001,3,26,0.0
2001,3,27,24.1
2001,3,28,0.0
2001,3,29,0.0
2001,3,30,59.0
2001,3,31,4.0
2001,4,1,5.2
2001,4,2,10.6
2001,4,3,1.4
2001,4,4,0.0
2001,4,5,0.2
2001,4,6,0.8
2001,4,7,0.0
2001,4,8,8.0
2001,4,9,0.0
2001,4,10,5.6
2001,4,11,22.4
2001,4,12,39.0
2001,4,13,8.3
2001,4,14,0.0
2001,4,15,7.1
2001,4,16,10.2
2001,4,17,2.2
2001,4,18,0.0
2001,4,19,2.7
2001,4,20,0.0
2001,4,21,0.0
2001,4,22,0.9
2001,4,23,6.9
2001,4,24,21.1
2001,4,25,37.9
2001,4,26,5.9
2001,4,27,32.7
2001,4,28,7.5
2001,4,29,1.6
2001,4,30,0.0
2001,5,1,0.3
2001,5,2,0.6
2001,5,3,0.7
2001,5,4,0.3
2001,5,5,0.0
2001,5,6,9.4
2001,5,7,0.8
2001,5,8,0.0
2001,5,9,0.0
2001,5,10,3.8
2001,5,11,0.0
2001,5,12,0.1
2001,5,13,0.0
2001,5,14,0.0
2001,5,15,0.0
2001,5,16,0.0
2001,5,17,1.4
2001,5,18,21.8
2001,5,19,0.0
2001,5,20,0.0
2001,5,21,0.0
2001,5,22,35.3
2001,5,23,0.0
2001,5,24,0.0
2001,5,25,2.3
2001,5,26,0.1
2001,5,27,14.0
2001,5,28,0.9
2001,5,29,0.0
2001,5,30,1.1
2001,5,31,0.4
2001,6,1,0.5
2001,6,2,5.6
2001,6,3,0.2
2001,6,4,0.0
2001,6,5,0.4
2001,6,6,8.9
2001,6,7,0.7
2001,6,8,0.0
2001,6,9,0.0
2001,6,10,0.0
2001,6,11,0.0
2001,6,12,2.4
2001,6,13,9.8
2001,6,14,1.4
2001,6,15,26.8
2001,6,16,0.6
2001,6,17,0.2
2001,6,18,0.0
2001,6,19,5.5
2001,6,20,5.7
2001,6,21,3.8
2001,6,22,6.8
2001,6,23,0.0
2001,6,24,0.0
2001,6,25,16.2
2001,6,26,0.8
2001,6,27,0.5
2001,6,28,11.7
2001,6,29,1.2
2001,6,30,0.0
2001,7,1,0.0
2001,7,2,0.0
2001,7,3,0.0
2001,7,4,0.0
2001,7,5,0.0
2001,7,6,0.1
2001,7,7,0.0
2001,7,8,0.0
2001,7,9,0.0
2001,7,10,2.7
2001,7,11,0.8
2001,7,12,0.0
2001,7,13,0.0
2001,7,14,0.0
2001,7,15,1.6
2001,7,16,0.0
2001,7,17,61.9
2001,7,18,0.0
2001,7,19,0.0
2001,7,20,24.5
2001,7,21,0.0
2001,7,22,0.0
2001,7,23,0.6
2001,7,24,0.8
2001,7,25,4.8
2001,7,26,0.6
2001,7,27,0.0
2001,7,28,1.8
2001,7,29,0.0
2001,7,30,1.2
2001,7,31,0.8
2001,8,1,0.1
2001,8,2,30.9
2001,8,3,0.0
2001,8,4,15.0
2001,8,5,37.9
2001,8,6,0.0
2001,8,7,0.0
2001,8,8,25.6
2001,8,9,0.0
2001,8,10,3.5
2001,8,11,17.8
2001,8,12,0.1
2001,8,13,0.0
2001,8,14,0.0
2001,8,15,0.0
2001,8,16,0.0
2001,8,17,0.3
2001,8,18,0.0
2001,8,19,0.0
2001,8,20,12.3
2001,8,21,0.0
2001,8,22,2.4
2001,8,23,0.0
2001,8,24,0.0
2001,8,25,0.0
2001,8,26,4.7
2001,8,27,19.4
2001,8,28,0.0
2001,8,29,6.8
2001,8,30,1.6
2001,8,31,0.0
2001,9,1,0.0
2001,9,2,0.4
2001,9,3,20.6
2001,9,4,4.5
2001,9,5,2.5
2001,9,6,2.2
2001,9,7,0.6
2001,9,8,0.0
2001,9,9,0.0
2001,9,10,0.0
2001,9,11,0.0
2001,9,12,0.0
2001,9,13,0.0
2001,9,14,0.1
2001,9,15,0.6
2001,9,16,24.6
2001,9,17,3.1
2001,9,18,0.0
2001,9,19,28.7
2001,9,20,1.6
2001,9,21,0.0
2001,9,22,4.2
2001,9,23,0.3
2001,9,24,0.0
2001,9,25,0.1
2001,9,26,0.0
2001,9,27,18.1
2001,9,28,79.4
2001,9,29,0.6
2001,9,30,8.5
2001,10,1,6.8
2001,10,2,6.6
2001,10,3,5.9
2001,10,4,0.2
2001,10,5,0.0
2001,10,6,0.0
2001,10,7,8.6
2001,10,8,0.0
2001,10,9,0.0
2001,10,10,1.7
2001,10,11,4.9
2001,10,12,0.0
2001,10,13,0.0
2001,10,14,0.3
2001,10,15,21.6
2001,10,16,0.0
2001,10,17,1.2
2001,10,18,1.0
2001,10,19,0.0
2001,10,20,0.0
2001,10,21,7.1
2001,10,22,1.7
2001,10,23,0.6
2001,10,24,2.9
2001,10,25,0.0
2001,10,26,0.1
2001,10,27,12.0
2001,10,28,1.2
2001,10,29,67.1
2001,10,30,0.1
2001,10,31,0.1
2001,11,1,0.0
2001,11,2,2.3
2001,11,3,0.0
2001,11,4,0.0
2001,11,5,28.8
2001,11,6,3.6
2001,11,7,0.1
2001,11,8,1.8
2001,11,9,3.0
2001,11,10,0.0
2001,11,11,0.0
2001,11,12,5.6
2001,11,13,0.1
2001,11,14,5.1
2001,11,15,15.1
2001,11,16,1.1
2001,11,17,0.0
2001,11,18,0.0
2001,11,19,6.0
2001,11,20,0.2
2001,11,21,48.0
2001,11,22,1.6
2001,11,23,17.7
2001,11,24,0.0
2001,11,25,2.1
2001,11,26,0.0
2001,11,27,0.0
2001,11,28,0.0
2001,11,29,7.2
2001,11,30,19.2
2001,12,1,0.0
2001,12,2,31.6
2001,12,3,0.0
2001,12,4,0.0
2001,12,5,0.0
2001,12,6,11.1
2001,12,7,1.1
2001,12,8,0.0
2001,12,9,0.1
2001,12,10,25.7
2001,12,11,3.1
2001,12,12,50.0
2001,12,13,0.0
2001,12,14,3.5
2001,12,15,0.0
2001,12,16,0.0
2001,12,17,3.8
2001,12,18,0.0
2001,12,19,20.3
2001,12,20,13.0
2001,12,21,36.6
2001,12,22,0.0
2001,12,23,2.2
2001,12,24,23.4
2001,12,25,3.6
2001,12,26,29.5
2001,12,27,120.9
2001,12,28,0.0
2001,12,29,0.1
2001,12,30,0.0
2001,12,31,0.0
2002,1,1,0.0
2002,1,2,0.0
2002,1,3,0.0
2002,1,4,0.0
2002,1,5,0.3
2002,1,6,0.6
2002,1,7,0.0
2002,1,8,0.4
2002,1,9,1.9
2002,1,10,1.1
2002,1,11,0.9
2002,1,12,0.0
2002,1,13,0.2
2002,1,14,0.0
2002,1,15,0.0
2002,1,16,2.9
2002,1,17,0.0
2002,1,18,0.0
2002,1,19,0.0
2002,1,20,0.0
2002,1,21,0.9
2002,1,22,20.8
2002,1,23,28.5
2002,1,24,75.6
2002,1,25,57.1
2002,1,26,0.0
2002,1,27,0.0
2002,1,28,0.0
2002,1,29,0.0
2002,1,30,4.4
2002,1,31,0.0
2002,2,1,0.0
2002,2,2,0.0
2002,2,3,0.0
2002,2,4,0.0
2002,2,5,0.0
2002,2,6,0.0
2002,2,7,0.0
2002,2,8,0.0
2002,2,9,0.0
2002,2,10,0.0
2002,2,11,0.0
2002,2,12,6.7
2002,2,13,25.4
2002,2,14,0.0
2002,2,15,0.0
2002,2,16,0.0
2002,2,17,0.0
2002,2,18,0.0
2002,2,19,0.0
2002,2,20,2.5
2002,2,21,0.5
2002,2,22,0.2
2002,2,23,0.0
2002,2,24,0.0
2002,2,25,30.3
2002,2,26,0.1
2002,2,27,9.5
2002,2,28,0.0
2002,3,1,0.0
2002,3,2,36.6
2002,3,3,0.0
2002,3,4,0.0
2002,3,5,0.0
2002,3,6,0.0
2002,3,7,0.0
2002,3,8,0.0
2002,3,9,0.0
2002,3,10,0.0
2002,3,11,0.0
2002,3,12,0.0
2002,3,13,0.0
2002,3,14,28.2
2002,3,15,9.1
2002,3,16,1.3
2002,3,17,1.0
2002,3,18,2.5
2002,3,19,3.6
2002,3,20,18.9
2002,3,21,0.2
2002,3,22,13.4
2002,3,23,2.6
2002,3,24,0.0
2002,3,25,1.6
2002,3,26,7.3
2002,3,27,0.0
2002,3,28,5.8
2002,3,29,38.4
2002,3,30,2.5
2002,3,31,17.3
2002,4,1,13.5
2002,4,2,0.0
2002,4,3,1.4
2002,4,4,0.0
2002,4,5,0.0
2002,4,6,0.0
2002,4,7,33.0
2002,4,8,50.9
2002,4,9,13.3
2002,4,10,0.4
2002,4,11,0.0
2002,4,12,0.0
2002,4,13,0.0
2002,4,14,0.7
2002,4,15,0.0
2002,4,16,1.2
2002,4,17,1.5
2002,4,18,0.0
2002,4,19,0.0
2002,4,20,0.0
2002,4,21,11.4
2002,4,22,0.3
2002,4,23,48.9
2002,4,24,0.8
2002,4,25,0.0
2002,4,26,0.0
2002,4,27,41.9
2002,4,28,2.1
2002,4,29,4.6
2002,4,30,2.9
2002,5,1,0.0
2002,5,2,0.0
2002,5,3,24.0
2002,5,4,0.0
2002,5,5,0.4
2002,5,6,36.7
2002,5,7,3.1
2002,5,8,19.2
2002,5,9,0.1
2002,5,10,0.0
2002,5,11,0.0
2002,5,12,0.0
2002,5,13,0.0
2002,5,14,0.0
2002,5,15,0.0
2002,5,16,0.0
2002,5,17,0.0
2002,5,18,0.0
2002,5,19,0.0
2002,5,20,42.1
2002,5,21,0.0
2002,5,22,0.0
2002,5,23,0.1
2002,5,24,3.3
2002,5,25,10.9
2002,5,26,49.0
2002,5,27,0.0
2002,5,28,0.0
2002,5,29,24.1
2002,5,30,0.0
2002,5,31,0.9
2002,6,1,0.0
2002,6,2,0.0
2002,6,3,0.0
2002,6,4,3.3
2002,6,5,1.2
2002,6,6,2.5
2002,6,7,0.0
2002,6,8,0.0
2002,6,9,3.2
2002,6,10,3.9
2002,6,11,21.7
2002,6,12,3.0
2002,6,13,0.0
2002,6,14,0.5
2002,6,15,0.0
2002,6,16,0.0
2002,6,17,0.3
2002,6,18,0.0
2002,6,19,0.0
2002,6,20,0.0
2002,6,21,0.0
2002,6,22,5.2
2002,6,23,0.0
2002,6,24,0.4
2002,6,25,0.0
2002,6,26,0.0
2002,6,27,8.1
2002,6,28,11.9
2002,6,29,20.0
2002,6,30,54.9
2002,7,1,32.3
2002,7,2,3.7
2002,7,3,3.3
2002,7,4,0.1
2002,7,5,0.0
2002,7,6,0.0
2002,7,7,0.0
2002,7,8,0.0
2002,7,9,0.0
2002,7,10,1.8
2002,7,11,0.0
2002,7,12,0.0
2002,7,13,31.7
2002,7,14,0.0
2002,7,15,0.3
2002,7,16,0.0
2002,7,17,0.0
2002,7,18,10.9
2002,7,19,0.0
2002,7,20,0.0
2002,7,21,0.1
2002,7,22,0.2
2002,7,23,8.9
2002,7,24,0.0
2002,7,25,23.5
2002,7,26,0.0
2002,7,27,0.2
2002,7,28,4.1
2002,7,29,19.2
2002,7,30,0.0
2002,7,31,0.0
2002,8,1,0.0
2002,8,2,0.0
2002,8,3,0.0
2002,8,4,16.8
2002,8,5,0.0
2002,8,6,0.0
2002,8,7,0.0
2002,8,8,65.6
2002,8,9,0.1
2002,8,10,0.0
2002,8,11,0.2
2002,8,12,0.2
2002,8,13,0.0
2002,8,14,0.0
2002,8,15,0.0
2002,8,16,0.0
2002,8,17,0.0
2002,8,18,0.1
2002,8,19,1.6
2002,8,20,14.9
2002,8,21,16.3
2002,8,22,0.0
2002,8,23,0.2
2002,8,24,0.0
2002,8,25,0.0
2002,8,26,21.3
2002,8,27,0.5
2002,8,28,2.5
2002,8,29,5.5
2002,8,30,6.3
2002,8,31,1.0
2002,9,1,0.0
2002,9,2,41.9
2002,9,3,2.9
2002,9,4,0.0
2002,9,5,0.0
2002,9,6,2.1
2002,9,7,10.6
2002,9,8,35.6
2002,9,9,2.1
2002,9,10,17.9
2002,9,11,0.0
2002,9,12,0.0
2002,9,13,1.8
2002,9,14,0.0
2002,9,15,0.0
2002,9,16,0.0
2002,9,17,2.4
2002,9,18,3.8
2002,9,19,0.0
2002,9,20,0.6
2002,9,21,0.0
2002,9,22,0.0
2002,9,23,0.0
2002,9,24,0.0
2002,9,25,4.5
2002,9,26,0.0
2002,9,27,8.5
2002,9,28,0.0
2002,9,29,15.2
2002,9,30,0.0
2002,10,1,0.0
2002,10,2,0.0
2002,10,3,0.0
2002,10,4,0.0
2002,10,5,0.1
2002,10,6,14.2
2002,10,7,1.0
2002,10,8,0.0
2002,10,9,0.0
2002,10,10,0.0
2002,10,11,0.0
2002,10,12,0.0
2002,10,13,0.3
2002,10,14,5.2
2002,10,15,17.7
2002,10,16,3.6
2002,10,17,5.8
2002,10,18,1.2
2002,10,19,6.9
2002,10,20,4.2
2002,10,21,1.4
2002,10,22,0.1
2002,10,23,0.0
2002,10,24,0.4
2002,10,25,0.0
2002,10,26,0.0
2002,10,27,30.8
2002,10,28,0.0
2002,10,29,32.8
2002,10,30,9.3
2002,10,31,0.4
2002,11,1,0.0
2002,11,2,26.3
2002,11,3,25.7
2002,11,4,5.2
2002,11,5,0.7
2002,11,6,0.2
2002,11,7,11.7
2002,11,8,10.8
2002,11,9,0.2
2002,11,10,45.1
2002,11,11,0.0
2002,11,12,0.0
2002,11,13,38.8
2002,11,14,0.0
2002,11,15,12.7
2002,11,16,1.6
2002,11,17,0.8
2002,11,18,18.9
2002,11,19,2.9
2002,11,20,38.3
2002,11,21,34.0
2002,11,22,0.2
2002,11,23,0.0
2002,11,24,2.1
2002,11,25,0.0
2002,11,26,0.1
2002,11,27,0.0
2002,11,28,9.7
2002,11,29,9.1
2002,11,30,0.0
2002,12,1,0.0
2002,12,2,1.4
2002,12,3,0.0
2002,12,4,0.0
2002,12,5,91.7
2002,12,6,106.6
2002,12,7,42.2
2002,12,8,16.8
2002,12,9,2.0
2002,12,10,0.0
2002,12,11,0.0
2002,12,12,4.9
2002,12,13,14.2
2002,12,14,11.6
2002,12,15,23.8
2002,12,16,2.4
2002,12,17,12.4
2002,12,18,10.2
2002,12,19,11.2
2002,12,20,4.5
2002,12,21,64.2
2002,12,22,37.4
2002,12,23,1.1
2002,12,24,23.8
2002,12,25,0.0
2002,12,26,6.4
2002,12,27,0.0
2002,12,28,0.0
2002,12,29,0.0
2002,12,30,0.2
2002,12,31,0.0
2003,1,1,20.8
2003,1,2,10.2
2003,1,3,0.5
2003,1,4,2.7
2003,1,5,4.8
2003,1,6,0.1
2003,1,7,11.5
2003,1,8,11.5
2003,1,9,0.0
2003,1,10,0.0
2003,1,11,14.9
2003,1,12,62.4
2003,1,13,0.0
2003,1,14,0.0
2003,1,15,1.7
2003,1,16,0.0
2003,1,17,1.1
2003,1,18,16.7
2003,1,19,33.0
2003,1,20,1.1
2003,1,21,0.0
2003,1,22,16.3
2003,1,23,45.2
2003,1,24,0.0
2003,1,25,0.0
2003,1,26,0.0
2003,1,27,0.0
2003,1,28,1.6
2003,1,29,7.2
2003,1,30,7.9
2003,1,31,133.6
2003,2,1,0.2
2003,2,2,9.6
2003,2,3,16.4
2003,2,4,0.4
2003,2,5,4.2
2003,2,6,0.2
2003,2,7,0.1
2003,2,8,0.0
2003,2,9,0.0
2003,2,10,0.1
2003,2,11,0.0
2003,2,12,0.0
2003,2,13,0.0
2003,2,14,0.3
2003,2,15,24.8
2003,2,16,16.2
2003,2,17,9.2
2003,2,18,11.7
2003,2,19,0.0
2003,2,20,0.0
2003,2,21,0.0
2003,2,22,0.0
2003,2,23,0.0
2003,2,24,0.0
2003,2,25,0.0
2003,2,26,0.0
2003,2,27,0.0
2003,2,28,1.8
2003,3,1,0.0
2003,3,2,9.3
2003,3,3,2.1
2003,3,4,0.0
2003,3,5,0.0
2003,3,6,0.0
2003,3,7,5.6
2003,3,8,8.7
2003,3,9,1.2
2003,3,10,0.0
2003,3,11,24.1
2003,3,12,19.5
2003,3,13,14.2
2003,3,14,0.0
2003,3,15,0.0
2003,3,16,0.0
2003,3,17,0.1
2003,3,18,0.0
2003,3,19,0.0
2003,3,20,0.0
2003,3,21,0.0
2003,3,22,0.0
2003,3,23,0.0
2003,3,24,0.0
2003,3,25,0.2
2003,3,26,15.0
2003,3,27,0.0
2003,3,28,0.0
2003,3,29,2.0
2003,3,30,0.0
2003,3,31,38.4
2003,4,1,10.3
2003,4,2,14.1
2003,4,3,0.6
2003,4,4,14.3
2003,4,5,22.4
2003,4,6,20.5
2003,4,7,0.5
2003,4,8,39.7
2003,4,9,3.7
2003,4,10,0.1
2003,4,11,13.0
2003,4,12,0.2
2003,4,13,30.8
2003,4,14,0.2
2003,4,15,2.2
2003,4,16,30.2
2003,4,17,0.6
2003,4,18,33.2
2003,4,19,0.2
2003,4,20,0.8
2003,4,21,26.9
2003,4,22,23.1
2003,4,23,0.0
2003,4,24,0.0
2003,4,25,29.5
2003,4,26,0.0
2003,4,27,6.2
2003,4,28,11.9
2003,4,29,1.6
2003,4,30,9.6
2003,5,1,65.0
2003,5,2,1.4
2003,5,3,92.6
2003,5,4,0.0
2003,5,5,13.4
2003,5,6,3.2
2003,5,7,1.9
2003,5,8,0.0
2003,5,9,19.6
2003,5,10,0.5
2003,5,11,0.0
2003,5,12,0.0
2003,5,13,3.7
2003,5,14,0.0
2003,5,15,0.0
2003,5,16,0.0
2003,5,17,0.0
2003,5,18,0.0
2003,5,19,0.0
2003,5,20,0.0
2003,5,21,0.0
2003,5,22,0.0
2003,5,23,0.0
2003,5,24,0.0
2003,5,25,0.0
2003,5,26,0.0
2003,5,27,0.0
2003,5,28,3.8
2003,5,29,0.0
2003,5,30,8.3
2003,5,31,0.0
2003,6,1,0.0
2003,6,2,0.0
2003,6,3,0.0
2003,6,4,0.0
2003,6,5,0.0
2003,6,6,0.0
2003,6,7,0.5
2003,6,8,7.6
2003,6,9,0.0
2003,6,10,0.0
2003,6,11,0.0
2003,6,12,5.0
2003,6,13,5.6
2003,6,14,0.0
2003,6,15,0.0
2003,6,16,4.6
2003,6,17,66.1
2003,6,18,0.0
2003,6,19,0.0
2003,6,20,0.0
2003,6,21,0.0
2003,6,22,2.6
2003,6,23,47.5
2003,6,24,13.4
2003,6,25,0.7
2003,6,26,1.8
2003,6,27,12.1
2003,6,28,0.0
2003,6,29,3.4
2003,6,30,0.6
2003,7,1,0.5
2003,7,2,0.0
2003,7,3,0.3
2003,7,4,14.1
2003,7,5,0.0
2003,7,6,0.0
2003,7,7,0.0
2003,7,8,0.7
2003,7,9,7.5
2003,7,10,19.5
2003,7,11,60.5
2003,7,12,28.1
2003,7,13,0.0
2003,7,14,0.2
2003,7,15,33.9
2003,7,16,49.8
2003,7,17,0.1
2003,7,18,14.1
2003,7,19,16.2
2003,7,20,0.3
2003,7,21,0.0
2003,7,22,0.0
2003,7,23,0.0
2003,7,24,0.0
2003,7,25,13.3
2003,7,26,0.5
2003,7,27,2.2
2003,7,28,0.0
2003,7,29,1.1
2003,7,30,0.0
2003,7,31,0.0
2003,8,1,0.0
2003,8,2,3.1
2003,8,3,0.0
2003,8,4,0.0
2003,8,5,21.7
2003,8,6,0.0
2003,8,7,0.0
2003,8,8,0.0
2003,8,9,0.0
2003,8,10,0.2
2003,8,11,0.0
2003,8,12,73.5
2003,8,13,29.9
2003,8,14,2.6
2003,8,15,0.7
2003,8,16,62.4
2003,8,17,0.0
2003,8,18,0.0
2003,8,19,0.0
2003,8,20,0.0
2003,8,21,0.0
2003,8,22,0.0
2003,8,23,32.0
2003,8,24,0.0
2003,8,25,8.1
2003,8,26,9.1
2003,8,27,0.3
2003,8,28,0.1
2003,8,29,3.5
2003,8,30,52.2
2003,8,31,0.0
2003,9,1,17.0
2003,9,2,5.2
2003,9,3,0.0
2003,9,4,0.0
2003,9,5,0.0
2003,9,6,0.0
2003,9,7,6.3
2003,9,8,20.0
2003,9,9,0.0
2003,9,10,0.0
2003,9,11,9.3
2003,9,12,1.5
2003,9,13,0.0
2003,9,14,5.4
2003,9,15,6.5
2003,9,16,0.0
2003,9,17,4.8
2003,9,18,4.1
2003,9,19,0.0
2003,9,20,38.0
2003,9,21,1.8
2003,9,22,0.0
2003,9,23,4.6
2003,9,24,60.8
2003,9,25,24.6
2003,9,26,0.0
2003,9,27,0.3
2003,9,28,0.0
2003,9,29,10.7
2003,9,30,0.3
2003,10,1,0.0
2003,10,2,0.0
2003,10,3,0.0
2003,10,4,3.7
2003,10,5,1.1
2003,10,6,13.4
2003,10,7,0.1
2003,10,8,15.6
2003,10,9,4.0
2003,10,10,83.5
2003,10,11,11.5
2003,10,12,14.1
2003,10,13,2.8
2003,10,14,6.4
2003,10,15,0.5
2003,10,16,0.1
2003,10,17,10.6
2003,10,18,0.0
2003,10,19,40.7
2003,10,20,0.8
2003,10,21,0.5
2003,10,22,0.0
2003,10,23,0.0
2003,10,24,3.8
2003,10,25,1.0
2003,10,26,1.1
2003,10,27,3.5
2003,10,28,1.0
2003,10,29,3.5
2003,10,30,4.2
2003,10,31,4.7
2003,11,1,1.5
2003,11,2,0.0
2003,11,3,0.0
2003,11,4,11.3
2003,11,5,19.9
2003,11,6,0.5
2003,11,7,0.0
2003,11,8,0.0
2003,11,9,5.3
2003,11,10,12.2
2003,11,11,14.9
2003,11,12,2.1
2003,11,13,0.0
2003,11,14,12.1
2003,11,15,0.0
2003,11,16,0.0
2003,11,17,6.0
2003,11,18,25.2
2003,11,19,1.2
2003,11,20,1.1
2003,11,21,10.2
2003,11,22,0.4
2003,11,23,14.2
2003,11,24,19.8
2003,11,25,1.3
2003,11,26,0.0
2003,11,27,0.1
2003,11,28,51.4
2003,11,29,0.2
2003,11,30,0.0
2003,12,1,0.1
2003,12,2,0.0
2003,12,3,0.0
2003,12,4,0.0
2003,12,5,1.4
2003,12,6,0.0
2003,12,7,3.0
2003,12,8,0.2
2003,12,9,28.7
2003,12,10,65.6
2003,12,11,51.2
2003,12,12,11.9
2003,12,13,2.3
2003,12,14,12.1
2003,12,15,0.6
2003,12,16,14.0
2003,12,17,0.2
2003,12,18,3.5
2003,12,19,0.0
2003,12,20,85.0
2003,12,21,0.6
2003,12,22,0.0
2003,12,23,8.6
2003,12,24,0.0
2003,12,25,9.2
2003,12,26,0.1
2003,12,27,0.0
2003,12,28,0.1
2003,12,29,0.0
2003,12,30,0.2
2003,12,31,0.0
2004,1,1,0.2
2004,1,2,0.2
2004,1,3,0.0
2004,1,4,1.6
2004,1,5,17.6
2004,1,6,3.7
2004,1,7,0.0
2004,1,8,1.6
2004,1,9,1.7
2004,1,10,0.0
2004,1,11,3.3
2004,1,12,0.0
2004,1,13,0.0
2004,1,14,7.5
2004,1,15,0.0
2004,1,16,0.0
2004,1,17,0.0
2004,1,18,0.0
2004,1,19,57.8
2004,1,20,0.0
2004,1,21,0.0
2004,1,22,0.0
2004,1,23,24.4
2004,1,24,120.5
2004,1,25,3.4
2004,1,26,16.8
2004,1,27,9.7
2004,1,28,50.2
2004,1,29,22.1
2004,1,30,0.1
2004,1,31,0.0
2004,2,1,0.8
2004,2,2,5.7
2004,2,3,5.9
2004,2,4,0.2
2004,2,5,2.9
2004,2,6,4.5
2004,2,7,0.0
2004,2,8,0.0
2004,2,9,0.0
2004,2,10,0.0
2004,2,11,0.0
2004,2,12,0.0
2004,2,13,0.0
2004,2,14,0.0
2004,2,15,0.0
2004,2,16,0.0
2004,2,17,0.1
2004,2,18,0.0
2004,2,19,0.0
2004,2,20,0.0
2004,2,21,0.0
2004,2,22,0.0
2004,2,23,0.0
2004,2,24,0.0
2004,2,25,0.0
2004,2,26,0.0
2004,2,27,0.0
2004,2,28,15.6
2004,2,29,9.0
2004,3,1,12.7
2004,3,2,38.9
2004,3,3,0.3
2004,3,4,59.0
2004,3,5,0.0
2004,3,6,0.0
2004,3,7,6.8
2004,3,8,219.1
2004,3,9,2.3
2004,3,10,1.6
2004,3,11,41.2
2004,3,12,0.6
2004,3,13,14.4
2004,3,14,0.2
2004,3,15,5.0
2004,3,16,1.0
2004,3,17,0.0
2004,3,18,2.9
2004,3,19,19.4
2004,3,20,0.0
2004,3,21,25.3
2004,3,22,2.1
2004,3,23,0.0
2004,3,24,0.1
2004,3,25,0.0
2004,3,26,0.7
2004,3,27,0.4
2004,3,28,51.3
2004,3,29,0.0
2004,3,30,0.4
2004,3,31,0.0
2004,4,1,22.0
2004,4,2,5.8
2004,4,3,14.4
2004,4,4,20.6
2004,4,5,61.0
2004,4,6,28.8
2004,4,7,13.6
2004,4,8,0.0
2004,4,9,18.1
2004,4,10,2.2
2004,4,11,31.4
2004,4,12,0.0
2004,4,13,0.0
2004,4,14,0.0
2004,4,15,0.4
2004,4,16,0.3
2004,4,17,0.0
2004,4,18,0.0
2004,4,19,0.0
2004,4,20,0.0
2004,4,21,0.0
2004,4,22,12.5
2004,4,23,70.3
2004,4,24,0.0
2004,4,25,0.0
2004,4,26,0.7
2004,4,27,0.7
2004,4,28,8.7
2004,4,29,20.9
2004,4,30,2.4
2004,5,1,0.4
2004,5,2,8.2
2004,5,3,0.6
2004,5,4,0.6
2004,5,5,34.3
2004,5,6,7.1
2004,5,7,0.0
2004,5,8,0.0
2004,5,9,0.0
2004,5,10,0.0
2004,5,11,0.0
2004,5,12,2.2
2004,5,13,0.0
2004,5,14,0.0
2004,5,15,1.0
2004,5,16,0.0
2004,5,17,0.0
2004,5,18,0.0
2004,5,19,0.0
2004,5,20,0.6
2004,5,21,0.0
2004,5,22,20.9
2004,5,23,26.7
2004,5,24,0.0
2004,5,25,0.0
2004,5,26,11.0
2004,5,27,0.1
2004,5,28,28.5
2004,5,29,0.0
2004,5,30,4.6
2004,5,31,0.0
2004,6,1,0.6
2004,6,2,0.0
2004,6,3,0.0
2004,6,4,36.9
2004,6,5,0.0
2004,6,6,13.2
2004,6,7,0.0
2004,6,8,0.0
2004,6,9,76.9
2004,6,10,0.0
2004,6,11,0.0
2004,6,12,0.0
2004,6,13,0.0
2004,6,14,0.0
2004,6,15,0.0
2004,6,16,0.0
2004,6,17,0.0
2004,6,18,0.0
2004,6,19,0.0
2004,6,20,0.0
2004,6,21,0.0
2004,6,22,0.0
2004,6,23,0.5
2004,6,24,0.0
2004,6,25,4.7
2004,6,26,7.0
2004,6,27,0.0
2004,6,28,0.2
2004,6,29,4.1
2004,6,30,2.4
2004,7,1,1.0
2004,7,2,0.0
2004,7,3,1.0
2004,7,4,0.0
2004,7,5,3.8
2004,7,6,1.3
2004,7,7,0.0
2004,7,8,10.4
2004,7,9,0.0
2004,7,10,0.1
2004,7,11,1.0
2004,7,12,61.3
2004,7,13,39.2
2004,7,14,0.0
2004,7,15,0.3
2004,7,16,19.4
2004,7,17,0.0
2004,7,18,0.2
2004,7,19,0.0
2004,7,20,28.7
2004,7,21,2.0
2004,7,22,0.0
2004,7,23,17.1
2004,7,24,16.2
2004,7,25,0.0
2004,7,26,0.0
2004,7,27,2.5
2004,7,28,9.8
2004,7,29,0.6
2004,7,30,0.0
2004,7,31,12.0
2004,8,1,49.4
2004,8,2,2.2
2004,8,3,0.0
2004,8,4,0.0
2004,8,5,0.0
2004,8,6,0.0
2004,8,7,0.0
2004,8,8,0.0
2004,8,9,0.0
2004,8,10,0.0
2004,8,11,0.0
2004,8,12,0.0
2004,8,13,0.0
2004,8,14,0.0
2004,8,15,8.1
2004,8,16,2.3
2004,8,17,0.0
2004,8,18,3.4
2004,8,19,0.0
2004,8,20,21.9
2004,8,21,0.0
2004,8,22,0.0
2004,8,23,0.0
2004,8,24,3.4
2004,8,25,38.1
2004,8,26,0.0
2004,8,27,0.4
2004,8,28,0.7
2004,8,29,0.0
2004,8,30,2.1
2004,8,31,0.0
2004,9,1,0.7
2004,9,2,4.4
2004,9,3,0.2
2004,9,4,0.0
2004,9,5,0.2
2004,9,6,46.1
2004,9,7,0.0
2004,9,8,0.0
2004,9,9,0.0
2004,9,10,0.1
2004,9,11,0.2
2004,9,12,2.0
2004,9,13,0.0
2004,9,14,21.7
2004,9,15,76.5
2004,9,16,13.2
2004,9,17,0.0
2004,9,18,0.0
2004,9,19,50.4
2004,9,20,0.4
2004,9,21,59.7
2004,9,22,0.0
2004,9,23,0.0
2004,9,24,0.1
2004,9,25,9.8
2004,9,26,0.0
2004,9,27,0.0
2004,9,28,7.6
2004,9,29,3.4
2004,9,30,3.6
2004,10,1,0.0
2004,10,2,0.0
2004,10,3,0.7
2004,10,4,0.0
2004,10,5,0.0
2004,10,6,0.0
2004,10,7,0.0
2004,10,8,9.1
2004,10,9,0.0
2004,10,10,0.0
2004,10,11,0.4
2004,10,12,0.1
2004,10,13,6.2
2004,10,14,0.0
2004,10,15,0.0
2004,10,16,0.0
2004,10,17,1.1
2004,10,18,11.5
2004,10,19,21.6
2004,10,20,0.8
2004,10,21,26.5
2004,10,22,15.3
2004,10,23,6.6
2004,10,24,29.5
2004,10,25,4.5
2004,10,26,3.2
2004,10,27,12.9
2004,10,28,3.6
2004,10,29,2.1
2004,10,30,59.1
2004,10,31,10.4
2004,11,1,7.4
2004,11,2,0.8
2004,11,3,16.1
2004,11,4,102.1
2004,11,5,20.9
2004,11,6,0.0
2004,11,7,1.3
2004,11,8,0.0
2004,11,9,18.7
2004,11,10,0.0
2004,11,11,0.2
2004,11,12,0.4
2004,11,13,0.3
2004,11,14,3.1
2004,11,15,3.1
2004,11,16,13.2
2004,11,17,5.9
2004,11,18,0.0
2004,11,19,24.3
2004,11,20,0.1
2004,11,21,0.5
2004,11,22,0.0
2004,11,23,15.4
2004,11,24,0.0
2004,11,25,17.9
2004,11,26,17.0
2004,11,27,5.6
2004,11,28,59.4
2004,11,29,0.1
2004,11,30,0.1
2004,12,1,0.8
2004,12,2,3.1
2004,12,3,0.0
2004,12,4,0.0
2004,12,5,8.8
2004,12,6,4.8
2004,12,7,2.6
2004,12,8,0.1
2004,12,9,0.0
2004,12,10,4.1
2004,12,11,6.6
2004,12,12,9.3
2004,12,13,0.1
2004,12,14,0.0
2004,12,15,0.0
2004,12,16,4.0
2004,12,17,0.9
2004,12,18,15.3
2004,12,19,0.0
2004,12,20,0.0
2004,12,21,0.0
2004,12,22,0.0
2004,12,23,2.3
2004,12,24,0.0
2004,12,25,0.1
2004,12,26,0.0
2004,12,27,0.0
2004,12,28,9.8
2004,12,29,0.6
2004,12,30,26.1
2004,12,31,28.8
2005,1,1,27.7
2005,1,2,69.4
2005,1,3,1.8
2005,1,4,8.6
2005,1,5,1.7
2005,1,6,0.0
2005,1,7,11.5
2005,1,8,11.0
2005,1,9,0.1
2005,1,10,0.2
2005,1,11,0.0
2005,1,12,0.0
2005,1,13,0.0
2005,1,14,0.0
2005,1,15,0.0
2005,1,16,0.1
2005,1,17,1.7
2005,1,18,0.3
2005,1,19,0.0
2005,1,20,0.0
2005,1,21,0.0
2005,1,22,0.0
2005,1,23,0.0
2005,1,24,0.0
2005,1,25,0.0
2005,1,26,0.0
2005,1,27,0.0
2005,1,28,11.7
2005,1,29,0.0
2005,1,30,0.0
2005,1,31,0.0
2005,2,1,0.0
2005,2,2,0.5
2005,2,3,0.0
2005,2,4,1.1
2005,2,5,0.0
2005,2,6,0.0
2005,2,7,0.0
2005,2,8,0.0
2005,2,9,0.0
2005,2,10,0.0
2005,2,11,0.0
2005,2,12,0.0
2005,2,13,0.0
2005,2,14,0.0
2005,2,15,0.0
2005,2,16,0.0
2005,2,17,0.0
2005,2,18,26.2
2005,2,19,0.0
2005,2,20,0.0
2005,2,21,0.0
2005,2,22,0.0
2005,2,23,0.0
2005,2,24,0.6
2005,2,25,0.0
2005,2,26,4.1
2005,2,27,14.6
2005,2,28,3.9
2005,3,1,36.9
2005,3,2,11.0
2005,3,3,11.6
2005,3,4,0.0
2005,3,5,0.0
2005,3,6,9.9
2005,3,7,0.0
2005,3,8,0.0
2005,3,9,0.0
2005,3,10,7.1
2005,3,11,0.2
2005,3,12,11.0
2005,3,13,0.0
2005,3,14,0.0
2005,3,15,0.0
2005,3,16,0.0
2005,3,17,0.0
2005,3,18,0.0
2005,3,19,0.0
2005,3,20,0.0
2005,3,21,0.0
2005,3,22,0.4
2005,3,23,2.7
2005,3,24,0.0
2005,3,25,0.0
2005,3,26,4.8
2005,3,27,17.4
2005,3,28,0.0
2005,3,29,0.6
2005,3,30,3.3
2005,3,31,16.1
2005,4,1,0.4
2005,4,2,4.5
2005,4,3,9.9
2005,4,4,62.6
2005,4,5,2.1
2005,4,6,12.5
2005,4,7,0.0
2005,4,8,3.7
2005,4,9,0.0
2005,4,10,0.0
2005,4,11,14.3
2005,4,12,6.8
2005,4,13,3.0
2005,4,14,0.0
2005,4,15,0.0
2005,4,16,28.5
2005,4,17,0.0
2005,4,18,33.8
2005,4,19,0.0
2005,4,20,0.0
2005,4,21,0.0
2005,4,22,8.1
2005,4,23,0.0
2005,4,24,41.4
2005,4,25,0.0
2005,4,26,0.0
2005,4,27,0.0
2005,4,28,5.5
2005,4,29,0.0
2005,4,30,0.0
2005,5,1,1.1
2005,5,2,0.3
2005,5,3,7.7
2005,5,4,0.0
2005,5,5,37.2
2005,5,6,42.8
2005,5,7,6.9
2005,5,8,59.5
2005,5,9,0.0
2005,5,10,7.0
2005,5,11,28.0
2005,5,12,1.1
2005,5,13,0.0
2005,5,14,24.5
2005,5,15,33.7
2005,5,16,0.4
2005,5,17,4.7
2005,5,18,0.2
2005,5,19,1.7
2005,5,20,0.0
2005,5,21,81.4
2005,5,22,0.0
2005,5,23,0.0
2005,5,24,59.3
2005,5,25,3.6
2005,5,26,0.0
2005,5,27,0.7
2005,5,28,0.0
2005,5,29,43.5
2005,5,30,0.0
2005,5,31,0.0
2005,6,1,4.9
2005,6,2,0.0
2005,6,3,0.0
2005,6,4,0.0
2005,6,5,0.0
2005,6,6,5.9
2005,6,7,47.0
2005,6,8,0.0
2005,6,9,1.9
2005,6,10,0.3
2005,6,11,3.9
2005,6,12,1.4
2005,6,13,0.5
2005,6,14,0.0
2005,6,15,10.1
2005,6,16,0.0
2005,6,17,2.5
2005,6,18,0.0
2005,6,19,1.6
2005,6,20,19.7
2005,6,21,0.3
2005,6,22,0.2
2005,6,23,0.2
2005,6,24,5.0
2005,6,25,19.8
2005,6,26,0.0
2005,6,27,0.0
2005,6,28,0.0
2005,6,29,3.5
2005,6,30,0.3
2005,7,1,0.0
2005,7,2,0.0
2005,7,3,13.5
2005,7,4,0.0
2005,7,5,0.0
2005,7,6,0.0
2005,7,7,0.0
2005,7,8,0.0
2005,7,9,0.0
2005,7,10,11.6
2005,7,11,33.8
2005,7,12,3.9
2005,7,13,0.1
2005,7,14,26.2
2005,7,15,16.6
2005,7,16,8.5
2005,7,17,0.1
2005,7,18,49.3
2005,7,19,40.9
2005,7,20,0.0
2005,7,21,0.0
2005,7,22,0.0
2005,7,23,20.5
2005,7,24,5.1
2005,7,25,46.3
2005,7,26,0.9
2005,7,27,0.0
2005,7,28,0.0
2005,7,29,0.0
2005,7,30,18.1
2005,7,31,0.0
2005,8,1,0.0
2005,8,2,1.2
2005,8,3,27.6
2005,8,4,34.7
2005,8,5,0.0
2005,8,6,0.0
2005,8,7,0.7
2005,8,8,0.3
2005,8,9,0.0
2005,8,10,0.2
2005,8,11,5.4
2005,8,12,0.0
2005,8,13,0.0
2005,8,14,0.6
2005,8,15,0.0
2005,8,16,1.3
2005,8,17,7.8
2005,8,18,5.5
2005,8,19,0.0
2005,8,20,20.8
2005,8,21,32.0
2005,8,22,0.0
2005,8,23,16.9
2005,8,24,0.0
2005,8,25,0.0
2005,8,26,0.5
2005,8,27,0.0
2005,8,28,0.0
2005,8,29,2.4
2005,8,30,4.1
2005,8,31,0.0
2005,9,1,0.1
2005,9,2,15.1
2005,9,3,8.0
2005,9,4,60.4
2005,9,5,0.0
2005,9,6,0.0
2005,9,7,12.4
2005,9,8,0.1
2005,9,9,0.0
2005,9,10,0.1
2005,9,11,1.1
2005,9,12,36.1
2005,9,13,3.5
2005,9,14,0.0
2005,9,15,9.9
2005,9,16,18.0
2005,9,17,44.2
2005,9,18,1.3
2005,9,19,19.9
2005,9,20,9.0
2005,9,21,3.2
2005,9,22,20.0
2005,9,23,0.0
2005,9,24,0.0
2005,9,25,0.0
2005,9,26,0.0
2005,9,27,0.0
2005,9,28,57.3
2005,9,29,4.3
2005,9,30,49.9
2005,10,1,0.0
2005,10,2,0.5
2005,10,3,4.2
2005,10,4,43.1
2005,10,5,0.0
2005,10,6,0.2
2005,10,7,0.0
2005,10,8,16.4
2005,10,9,2.8
2005,10,10,0.0
2005,10,11,0.3
2005,10,12,33.1
2005,10,13,3.4
2005,10,14,5.9
2005,10,15,0.0
2005,10,16,135.8
2005,10,17,0.0
2005,10,18,4.6
2005,10,19,2.5
2005,10,20,0.8
2005,10,21,1.3
2005,10,22,3.5
2005,10,23,0.1
2005,10,24,35.7
2005,10,25,13.2
2005,10,26,1.1
2005,10,27,11.8
2005,10,28,2.1
2005,10,29,0.0
2005,10,30,0.0
2005,10,31,1.3
2005,11,1,3.1
2005,11,2,4.4
2005,11,3,14.9
2005,11,4,4.4
2005,11,5,6.2
2005,11,6,0.6
2005,11,7,0.0
2005,11,8,0.0
2005,11,9,9.9
2005,11,10,28.6
2005,11,11,15.3
2005,11,12,0.0
2005,11,13,0.0
2005,11,14,0.0
2005,11,15,0.0
2005,11,16,84.4
2005,11,17,0.5
2005,11,18,5.8
2005,11,19,0.2
2005,11,20,1.6
2005,11,21,1.3
2005,11,22,39.3
2005,11,23,0.2
2005,11,24,10.7
2005,11,25,0.8
2005,11,26,16.5
2005,11,27,0.0
2005,11,28,0.0
2005,11,29,18.7
2005,11,30,0.0
2005,12,1,3.0
2005,12,2,21.2
2005,12,3,0.0
2005,12,4,6.1
2005,12,5,0.0
2005,12,6,0.0
2005,12,7,21.6
2005,12,8,2.5
2005,12,9,1.4
2005,12,10,15.6
2005,12,11,0.2
2005,12,12,1.0
2005,12,13,3.8
2005,12,14,0.0
2005,12,15,0.2
2005,12,16,0.0
2005,12,17,1.0
2005,12,18,1.5
2005,12,19,0.0
2005,12,20,0.7
2005,12,21,0.0
2005,12,22,4.6
2005,12,23,0.2
2005,12,24,53.4
2005,12,25,1.4
2005,12,26,0.0
2005,12,27,36.5
2005,12,28,0.5
2005,12,29,4.2
2005,12,30,0.0
2005,12,31,1.6
2006,1,1,16.8
2006,1,2,0.3
2006,1,3,1.3
2006,1,4,13.6
2006,1,5,39.9
2006,1,6,9.1
2006,1,7,59.2
2006,1,8,108.8
2006,1,9,69.0
2006,1,10,28.2
2006,1,11,47.0
2006,1,12,25.1
2006,1,13,0.0
2006,1,14,0.0
2006,1,15,0.0
2006,1,16,0.0
2006,1,17,27.9
2006,1,18,7.0
2006,1,19,2.7
2006,1,20,1.3
2006,1,21,1.0
2006,1,22,1.5
2006,1,23,0.0
2006,1,24,1.6
2006,1,25,0.0
2006,1,26,0.0
2006,1,27,0.0
2006,1,28,0.0
2006,1,29,0.7
2006,1,30,0.0
2006,1,31,0.0
2006,2,1,1.1
2006,2,2,0.2
2006,2,3,0.0
2006,2,4,0.4
2006,2,5,12.3
2006,2,6,5.1
2006,2,7,0.0
2006,2,8,0.0
2006,2,9,21.6
2006,2,10,18.9
2006,2,11,0.0
2006,2,12,0.0
2006,2,13,1.9
2006,2,14,0.0
2006,2,15,0.0
2006,2,16,0.3
2006,2,17,50.2
2006,2,18,1.2
2006,2,19,0.3
2006,2,20,0.0
2006,2,21,0.0
2006,2,22,0.1
2006,2,23,0.5
2006,2,24,0.4
2006,2,25,0.0
2006,2,26,0.1
2006,2,27,0.0
2006,2,28,0.0
2006,3,1,0.0
2006,3,2,0.0
2006,3,3,0.0
2006,3,4,0.0
2006,3,5,28.8
2006,3,6,1.5
2006,3,7,2.6
2006,3,8,0.0
2006,3,9,0.0
2006,3,10,0.0
2006,3,11,20.7
2006,3,12,0.0
2006,3,13,0.0
2006,3,14,0.0
2006,3,15,0.0
2006,3,16,0.0
2006,3,17,0.2
2006,3,18,7.7
2006,3,19,12.5
2006,3,20,29.6
2006,3,21,0.4
2006,3,22,7.7
2006,3,23,0.2
2006,3,24,0.0
2006,3,25,0.0
2006,3,26,2.0
2006,3,27,5.1
2006,3,28,0.0
2006,3,29,14.8
2006,3,30,0.4
2006,3,31,8.8
2006,4,1,1.8
2006,4,2,23.3
2006,4,3,13.3
2006,4,4,23.6
2006,4,5,7.2
2006,4,6,17.4
2006,4,7,0.0
2006,4,8,5.0
2006,4,9,0.0
2006,4,10,0.0
2006,4,11,2.1
2006,4,12,0.4
2006,4,13,11.8
2006,4,14,17.3
2006,4,15,33.9
2006,4,16,55.1
2006,4,17,17.0
2006,4,18,41.4
2006,4,19,0.3
2006,4,20,46.0
2006,4,21,1.6
2006,4,22,0.3
2006,4,23,0.0
2006,4,24,33.7
2006,4,25,0.0
2006,4,26,8.6
2006,4,27,1.5
2006,4,28,21.1
2006,4,29,0.0
2006,4,30,0.8
2006,5,1,0.3
2006,5,2,14.5
2006,5,3,0.4
2006,5,4,0.0
2006,5,5,0.0
2006,5,6,6.3
2006,5,7,0.0
2006,5,8,0.0
2006,5,9,31.9
2006,5,10,0.0
2006,5,11,1.0
2006,5,12,17.9
2006,5,13,0.0
2006,5,14,0.1
2006,5,15,0.0
2006,5,16,0.3
2006,5,17,0.0
2006,5,18,0.0
2006,5,19,9.2
2006,5,20,0.1
2006,5,21,0.0
2006,5,22,10.4
2006,5,23,0.0
2006,5,24,0.1
2006,5,25,52.4
2006,5,26,12.3
2006,5,27,0.0
2006,5,28,58.0
2006,5,29,0.0
2006,5,30,5.0
2006,5,31,0.0
2006,6,1,1.1
2006,6,2,0.0
2006,6,3,0.0
2006,6,4,0.0
2006,6,5,2.3
2006,6,6,60.7
2006,6,7,0.1
2006,6,8,4.8
2006,6,9,34.0
2006,6,10,14.2
2006,6,11,25.4
2006,6,12,0.0
2006,6,13,7.9
2006,6,14,1.2
2006,6,15,3.2
2006,6,16,12.5
2006,6,17,0.1
2006,6,18,8.3
2006,6,19,14.1
2006,6,20,7.2
2006,6,21,0.0
2006,6,22,0.6
2006,6,23,1.4
2006,6,24,0.4
2006,6,25,7.9
2006,6,26,0.0
2006,6,27,0.0
2006,6,28,0.0
2006,6,29,0.0
2006,6,30,0.0
2006,7,1,0.0
2006,7,2,2.7
2006,7,3,0.2
2006,7,4,0.0
2006,7,5,8.7
2006,7,6,3.8
2006,7,7,0.0
2006,7,8,0.0
2006,7,9,24.4
2006,7,10,4.4
2006,7,11,23.3
2006,7,12,0.7
2006,7,13,8.1
2006,7,14,15.3
2006,7,15,0.0
2006,7,16,0.3
2006,7,17,8.0
2006,7,18,0.2
2006,7,19,8.1
2006,7,20,0.0
2006,7,21,0.0
2006,7,22,0.0
2006,7,23,0.0
2006,7,24,0.6
2006,7,25,0.0
2006,7,26,0.0
2006,7,27,34.2
2006,7,28,5.8
2006,7,29,28.0
2006,7,30,36.8
2006,7,31,0.3
2006,8,1,0.4
2006,8,2,4.3
2006,8,3,0.0
2006,8,4,0.0
2006,8,5,0.0
2006,8,6,0.0
2006,8,7,10.2
2006,8,8,0.1
2006,8,9,5.0
2006,8,10,0.0
2006,8,11,0.0
2006,8,12,0.0
2006,8,13,0.0
2006,8,14,2.6
2006,8,15,21.9
2006,8,16,0.0
2006,8,17,0.0
2006,8,18,0.0
2006,8,19,0.0
2006,8,20,0.0
2006,8,21,0.0
2006,8,22,0.0
2006,8,23,0.0
2006,8,24,0.0
2006,8,25,0.0
2006,8,26,0.0
2006,8,27,1.0
2006,8,28,0.0
2006,8,29,34.7
2006,8,30,25.5
2006,8,31,7.5
2006,9,1,0.0
2006,9,2,12.9
2006,9,3,0.0
2006,9,4,9.7
2006,9,5,0.2
2006,9,6,0.1
2006,9,7,0.2
2006,9,8,4.4
2006,9,9,0.0
2006,9,10,1.2
2006,9,11,15.0
2006,9,12,0.0
2006,9,13,2.6
2006,9,14,12.4
2006,9,15,23.5
2006,9,16,55.5
2006,9,17,2.1
2006,9,18,1.7
2006,9,19,0.0
2006,9,20,0.0
2006,9,21,0.0
2006,9,22,16.3
2006,9,23,0.0
2006,9,24,7.5
2006,9,25,0.3
2006,9,26,0.0
2006,9,27,0.0
2006,9,28,0.0
2006,9,29,0.0
2006,9,30,2.3
2006,10,1,0.0
2006,10,2,0.0
2006,10,3,9.3
2006,10,4,0.0
2006,10,5,0.0
2006,10,6,0.0
2006,10,7,0.0
2006,10,8,0.0
2006,10,9,0.0
2006,10,10,0.0
2006,10,11,0.0
2006,10,12,0.0
2006,10,13,12.2
2006,10,14,0.0
2006,10,15,0.0
2006,10,16,0.0
2006,10,17,0.1
2006,10,18,0.0
2006,10,19,0.0
2006,10,20,3.1
2006,10,21,0.0
2006,10,22,2.0
2006,10,23,0.0
2006,10,24,18.7
2006,10,25,20.1
2006,10,26,0.2
2006,10,27,0.0
2006,10,28,27.7
2006,10,29,0.4
2006,10,30,4.1
2006,10,31,17.3
2006,11,1,47.2
2006,11,2,0.3
2006,11,3,14.2
2006,11,4,0.0
2006,11,5,0.0
2006,11,6,46.8
2006,11,7,6.6
2006,11,8,0.9
2006,11,9,4.3
2006,11,10,3.7
2006,11,11,23.9
2006,11,12,1.5
2006,11,13,15.2
2006,11,14,0.1
2006,11,15,2.0
2006,11,16,0.2
2006,11,17,0.1
2006,11,18,0.0
2006,11,19,1.1
2006,11,20,18.4
2006,11,21,20.5
2006,11,22,4.1
2006,11,23,24.7
2006,11,24,40.0
2006,11,25,15.7
2006,11,26,0.1
2006,11,27,16.8
2006,11,28,0.7
2006,11,29,0.1
2006,11,30,0.0
2006,12,1,16.5
2006,12,2,0.0
2006,12,3,0.0
2006,12,4,0.0
2006,12,5,68.1
2006,12,6,2.8
2006,12,7,1.8
2006,12,8,0.0
2006,12,9,0.5
2006,12,10,0.6
2006,12,11,79.4
2006,12,12,6.2
2006,12,13,10.5
2006,12,14,17.8
2006,12,15,1.4
2006,12,16,0.6
2006,12,17,53.5
2006,12,18,225.7
2006,12,19,225.0
2006,12,20,21.4
2006,12,21,6.5
2006,12,22,3.8
2006,12,23,3.3
2006,12,24,8.4
2006,12,25,50.2
2006,12,26,89.4
2006,12,27,30.8
2006,12,28,20.6
2006,12,29,0.0
2006,12,30,5.2
2006,12,31,0.0
2007,1,1,0.1
2007,1,2,0.0
2007,1,3,31.7
2007,1,4,20.1
2007,1,5,0.0
2007,1,6,0.0
2007,1,7,0.0
2007,1,8,3.2
2007,1,9,11.5
2007,1,10,5.6
2007,1,11,175.0
2007,1,12,184.1
2007,1,13,0.7
2007,1,14,6.1
2007,1,15,3.3
2007,1,16,1.1
2007,1,17,0.0
2007,1,18,0.2
2007,1,19,14.7
2007,1,20,6.1
2007,1,21,0.0
2007,1,22,0.0
2007,1,23,23.4
2007,1,24,0.2
2007,1,25,0.3
2007,1,26,15.8
2007,1,27,26.2
2007,1,28,0.1
2007,1,29,0.0
2007,1,30,0.0
2007,1,31,0.0
2007,2,1,0.0
2007,2,2,0.0
2007,2,3,0.0
2007,2,4,0.0
2007,2,5,0.0
2007,2,6,0.0
2007,2,7,0.0
2007,2,8,0.0
2007,2,9,0.0
2007,2,10,0.0
2007,2,11,0.7
2007,2,12,0.0
2007,2,13,0.0
2007,2,14,0.0
2007,2,15,31.2
2007,2,16,72.5
2007,2,17,0.1
2007,2,18,10.9
2007,2,19,3.6
2007,2,20,5.3
2007,2,21,0.0
2007,2,22,0.5
2007,2,23,9.0
2007,2,24,1.4
2007,2,25,24.5
2007,2,26,8.6
2007,2,27,0.1
2007,2,28,69.9
2007,3,1,9.8
2007,3,2,62.2
2007,3,3,1.4
2007,3,4,5.4
2007,3,5,1.2
2007,3,6,4.5
2007,3,7,0.0
2007,3,8,0.0
2007,3,9,0.0
2007,3,10,0.0
2007,3,11,0.0
2007,3,12,0.0
2007,3,13,15.7
2007,3,14,17.2
2007,3,15,32.7
2007,3,16,1.3
2007,3,17,0.0
2007,3,18,0.0
2007,3,19,0.5
2007,3,20,40.8
2007,3,21,1.9
2007,3,22,0.3
2007,3,23,4.3
2007,3,24,2.4
2007,3,25,0.8
2007,3,26,0.3
2007,3,27,0.8
2007,3,28,0.6
2007,3,29,72.5
2007,3,30,16.1
2007,3,31,16.7
2007,4,1,0.0
2007,4,2,1.3
2007,4,3,14.4
2007,4,4,6.8
2007,4,5,0.0
2007,4,6,0.0
2007,4,7,27.5
2007,4,8,26.5
2007,4,9,2.3
2007,4,10,20.2
2007,4,11,0.4
2007,4,12,15.2
2007,4,13,10.7
2007,4,14,18.0
2007,4,15,4.7
2007,4,16,19.1
2007,4,17,2.2
2007,4,18,0.0
2007,4,19,0.5
2007,4,20,0.0
2007,4,21,19.4
2007,4,22,0.0
2007,4,23,35.9
2007,4,24,1.3
2007,4,25,62.1
2007,4,26,2.2
2007,4,27,26.5
2007,4,28,12.0
2007,4,29,49.6
2007,4,30,2.0
2007,5,1,32.9
2007,5,2,1.2
2007,5,3,7.8
2007,5,4,0.1
2007,5,5,0.0
2007,5,6,0.0
2007,5,7,0.0
2007,5,8,0.0
2007,5,9,8.9
2007,5,10,33.0
2007,5,11,0.2
2007,5,12,0.0
2007,5,13,22.8
2007,5,14,15.2
2007,5,15,1.4
2007,5,16,0.0
2007,5,17,87.9
2007,5,18,0.6
2007,5,19,0.0
2007,5,20,0.0
2007,5,21,0.0
2007,5,22,1.9
2007,5,23,0.0
2007,5,24,0.0
2007,5,25,0.0
2007,5,26,2.2
2007,5,27,0.0
2007,5,28,0.0
2007,5,29,36.0
2007,5,30,0.0
2007,5,31,34.6
2007,6,1,4.7
2007,6,2,0.0
2007,6,3,0.0
2007,6,4,37.9
2007,6,5,0.0
2007,6,6,0.0
2007,6,7,0.0
2007,6,8,0.0
2007,6,9,1.2
2007,6,10,0.4
2007,6,11,1.7
2007,6,12,2.2
2007,6,13,12.3
2007,6,14,3.4
2007,6,15,5.6
2007,6,16,3.7
2007,6,17,0.0
2007,6,18,0.0
2007,6,19,1.4
2007,6,20,0.0
2007,6,21,0.0
2007,6,22,0.0
2007,6,23,0.0
2007,6,24,0.0
2007,6,25,64.8
2007,6,26,0.0
2007,6,27,0.0
2007,6,28,0.0
2007,6,29,2.9
2007,6,30,0.0
2007,7,1,0.0
2007,7,2,0.0
2007,7,3,0.0
2007,7,4,0.0
2007,7,5,0.0
2007,7,6,1.3
2007,7,7,2.8
2007,7,8,1.7
2007,7,9,0.0
2007,7,10,0.0
2007,7,11,8.6
2007,7,12,0.0
2007,7,13,0.0
2007,7,14,0.0
2007,7,15,1.0
2007,7,16,0.0
2007,7,17,5.5
2007,7,18,13.1
2007,7,19,30.8
2007,7,20,3.5
2007,7,21,26.7
2007,7,22,3.2
2007,7,23,0.3
2007,7,24,0.3
2007,7,25,6.0
2007,7,26,1.7
2007,7,27,34.6
2007,7,28,0.5
2007,7,29,6.0
2007,7,30,6.5
2007,7,31,0.0
2007,8,1,2.6
2007,8,2,0.0
2007,8,3,0.0
2007,8,4,0.0
2007,8,5,0.0
2007,8,6,0.0
2007,8,7,0.0
2007,8,8,11.2
2007,8,9,0.3
2007,8,10,0.0
2007,8,11,0.0
2007,8,12,1.5
2007,8,13,0.0
2007,8,14,4.7
2007,8,15,0.4
2007,8,16,19.2
2007,8,17,80.5
2007,8,18,28.7
2007,8,19,8.9
2007,8,20,23.5
2007,8,21,4.4
2007,8,22,1.0
2007,8,23,15.0
2007,8,24,11.4
2007,8,25,0.2
2007,8,26,0.0
2007,8,27,1.4
2007,8,28,46.1
2007,8,29,5.2
2007,8,30,43.5
2007,8,31,0.0
2007,9,1,13.9
2007,9,2,6.3
2007,9,3,32.9
2007,9,4,0.2
2007,9,5,0.0
2007,9,6,0.0
2007,9,7,51.3
2007,9,8,4.9
2007,9,9,0.0
2007,9,10,20.9
2007,9,11,0.6
2007,9,12,0.0
2007,9,13,0.0
2007,9,14,4.3
2007,9,15,85.1
2007,9,16,1.3
2007,9,17,0.0
2007,9,18,0.0
2007,9,19,0.0
2007,9,20,0.0
2007,9,21,0.0
2007,9,22,0.0
2007,9,23,14.9
2007,9,24,1.7
2007,9,25,0.0
2007,9,26,30.5
2007,9,27,17.4
2007,9,28,0.6
2007,9,29,0.0
2007,9,30,0.0
2007,10,1,0.5
2007,10,2,0.0
2007,10,3,0.0
2007,10,4,0.0
2007,10,5,0.0
2007,10,6,1.5
2007,10,7,1.6
2007,10,8,21.0
2007,10,9,0.0
2007,10,10,6.3
2007,10,11,58.7
2007,10,12,35.5
2007,10,13,7.3
2007,10,14,0.6
2007,10,15,11.3
2007,10,16,41.0
2007,10,17,4.5
2007,10,18,0.3
2007,10,19,16.9
2007,10,20,31.0
2007,10,21,19.5
2007,10,22,30.6
2007,10,23,0.0
2007,10,24,0.0
2007,10,25,0.0
2007,10,26,0.0
2007,10,27,0.2
2007,10,28,0.7
2007,10,29,0.5
2007,10,30,52.7
2007,10,31,0.8
2007,11,1,0.0
2007,11,2,0.2
2007,11,3,0.0
2007,11,4,47.4
2007,11,5,0.1
2007,11,6,13.0
2007,11,7,4.0
2007,11,8,0.0
2007,11,9,12.5
2007,11,10,0.2
2007,11,11,0.1
2007,11,12,13.9
2007,11,13,19.6
2007,11,14,6.6
2007,11,15,9.1
2007,11,16,0.0
2007,11,17,0.2
2007,11,18,2.0
2007,11,19,9.3
2007,11,20,17.1
2007,11,21,0.2
2007,11,22,0.0
2007,11,23,0.0
2007,11,24,0.0
2007,11,25,20.0
2007,11,26,0.1
2007,11,27,0.0
2007,11,28,7.2
2007,11,29,0.0
2007,11,30,0.0
2007,12,1,0.0
2007,12,2,0.0
2007,12,3,0.0
2007,12,4,0.0
2007,12,5,111.4
2007,12,6,9.8
2007,12,7,32.3
2007,12,8,0.4
2007,12,9,31.8
2007,12,10,45.9
2007,12,11,28.3
2007,12,12,2.6
2007,12,13,0.1
2007,12,14,15.5
2007,12,15,37.8
2007,12,16,0.0
2007,12,17,16.9
2007,12,18,0.2
2007,12,19,0.1
2007,12,20,26.3
2007,12,21,0.7
2007,12,22,14.6
2007,12,23,17.7
2007,12,24,0.0
2007,12,25,0.0
2007,12,26,0.0
2007,12,27,0.0
2007,12,28,0.0
2007,12,29,11.5
2007,12,30,0.0
2007,12,31,0.0
2008,1,1,0.5
2008,1,2,2.5
2008,1,3,0.1
2008,1,4,2.3
2008,1,5,38.0
2008,1,6,0.0
2008,1,7,0.0
2008,1,8,20.3
2008,1,9,0.0
2008,1,10,0.1
2008,1,11,0.0
2008,1,12,4.7
2008,1,13,0.6
2008,1,14,7.6
2008,1,15,3.7
2008,1,16,0.3
2008,1,17,1.6
2008,1,18,0.2
2008,1,19,9.3
2008,1,20,0.1
2008,1,21,0.0
2008,1,22,5.2
2008,1,23,0.2
2008,1,24,0.0
2008,1,25,0.0
2008,1,26,3.6
2008,1,27,1.3
2008,1,28,0.0
2008,1,29,0.7
2008,1,30,0.0
2008,1,31,0.0
2008,2,1,4.3
2008,2,2,5.3
2008,2,3,4.6
2008,2,4,0.0
2008,2,5,0.0
2008,2,6,0.0
2008,2,7,0.0
2008,2,8,0.1
2008,2,9,0.0
2008,2,10,0.0
2008,2,11,0.0
2008,2,12,0.0
2008,2,13,0.0
2008,2,14,0.0
2008,2,15,0.0
2008,2,16,0.0
2008,2,17,0.0
2008,2,18,0.0
2008,2,19,0.0
2008,2,20,0.0
2008,2,21,0.0
2008,2,22,9.1
2008,2,23,0.0
2008,2,24,0.0
2008,2,25,31.1
2008,2,26,0.8
2008,2,27,0.0
2008,2,28,3.6
2008,2,29,2.3
2008,3,1,14.5
2008,3,2,2.1
2008,3,3,13.8
2008,3,4,0.8
2008,3,5,3.0
2008,3,6,15.2
2008,3,7,1.7
2008,3,8,0.0
2008,3,9,2.4
2008,3,10,16.5
2008,3,11,78.9
2008,3,12,107.9
2008,3,13,29.7
2008,3,14,0.0
2008,3,15,6.2
2008,3,16,0.0
2008,3,17,0.0
2008,3,18,5.4
2008,3,19,65.9
2008,3,20,0.0
2008,3,21,0.0
2008,3,22,53.6
2008,3,23,0.0
2008,3,24,0.0
2008,3,25,11.8
2008,3,26,8.2
2008,3,27,1.6
2008,3,28,9.6
2008,3,29,1.8
2008,3,30,18.2
2008,3,31,0.0
2008,4,1,9.4
2008,4,2,8.7
2008,4,3,1.4
2008,4,4,0.0
2008,4,5,6.5
2008,4,6,15.4
2008,4,7,0.0
2008,4,8,100.0
2008,4,9,0.0
2008,4,10,10.5
2008,4,11,6.9
2008,4,12,1.2
2008,4,13,0.7
2008,4,14,15.0
2008,4,15,45.1
2008,4,16,0.0
2008,4,17,10.2
2008,4,18,0.0
2008,4,19,0.0
2008,4,20,1.0
2008,4,21,14.3
2008,4,22,0.0
2008,4,23,13.7
2008,4,24,3.7
2008,4,25,0.0
2008,4,26,0.0
2008,4,27,0.0
2008,4,28,0.0
2008,4,29,0.8
2008,4,30,0.0
2008,5,1,0.0
2008,5,2,0.0
2008,5,3,0.0
2008,5,4,0.0
2008,5,5,8.4
2008,5,6,9.4
2008,5,7,12.6
2008,5,8,0.0
2008,5,9,0.3
2008,5,10,23.5
2008,5,11,0.0
2008,5,12,0.0
2008,5,13,0.0
2008,5,14,41.5
2008,5,15,0.0
2008,5,16,0.0
2008,5,17,0.0
2008,5,18,0.0
2008,5,19,0.0
2008,5,20,0.0
2008,5,21,0.0
2008,5,22,0.0
2008,5,23,0.0
2008,5,24,1.5
2008,5,25,23.1
2008,5,26,1.5
2008,5,27,0.9
2008,5,28,1.8
2008,5,29,0.6
2008,5,30,4.6
2008,5,31,23.4
2008,6,1,0.4
2008,6,2,0.0
2008,6,3,10.6
2008,6,4,0.0
2008,6,5,20.8
2008,6,6,0.0
2008,6,7,28.3
2008,6,8,0.0
2008,6,9,0.0
2008,6,10,4.2
2008,6,11,9.4
2008,6,12,0.0
2008,6,13,22.6
2008,6,14,0.0
2008,6,15,0.0
2008,6,16,6.2
2008,6,17,0.0
2008,6,18,45.9
2008,6,19,12.8
2008,6,20,0.2
2008,6,21,22.4
2008,6,22,5.2
2008,6,23,0.0
2008,6,24,0.0
2008,6,25,0.8
2008,6,26,0.0
2008,6,27,0.0
2008,6,28,0.0
2008,6,29,0.8
2008,6,30,0.2
2008,7,1,0.0
2008,7,2,0.1
2008,7,3,5.1
2008,7,4,0.0
2008,7,5,1.0
2008,7,6,0.0
2008,7,7,0.8
2008,7,8,2.5
2008,7,9,0.9
2008,7,10,32.1
2008,7,11,0.0
2008,7,12,0.0
2008,7,13,6.9
2008,7,14,6.1
2008,7,15,7.2
2008,7,16,0.0
2008,7,17,0.0
2008,7,18,0.0
2008,7,19,6.6
2008,7,20,3.1
2008,7,21,19.2
2008,7,22,2.1
2008,7,23,6.1
2008,7,24,37.2
2008,7,25,2.2
2008,7,26,0.0
2008,7,27,0.0
2008,7,28,0.0
2008,7,29,0.0
2008,7,30,0.0
2008,7,31,0.0
2008,8,1,0.0
2008,8,2,0.0
2008,8,3,0.0
2008,8,4,9.7
2008,8,5,0.0
2008,8,6,0.0
2008,8,7,27.2
2008,8,8,0.3
2008,8,9,0.7
2008,8,10,0.6
2008,8,11,0.1
2008,8,12,1.4
2008,8,13,0.0
2008,8,14,0.0
2008,8,15,0.0
2008,8,16,18.5
2008,8,17,8.6
2008,8,18,1.0
2008,8,19,0.2
2008,8,20,1.2
2008,8,21,7.9
2008,8,22,9.7
2008,8,23,15.7
2008,8,24,41.5
2008,8,25,0.0
2008,8,26,3.4
2008,8,27,35.3
2008,8,28,17.3
2008,8,29,0.4
2008,8,30,7.9
2008,8,31,1.8
2008,9,1,0.6
2008,9,2,8.8
2008,9,3,74.7
2008,9,4,11.3
2008,9,5,1.5
2008,9,6,4.3
2008,9,7,0.0
2008,9,8,11.7
2008,9,9,0.0
2008,9,10,0.0
2008,9,11,6.2
2008,9,12,50.6
2008,9,13,0.8
2008,9,14,1.6
2008,9,15,0.0
2008,9,16,0.0
2008,9,17,0.0
2008,9,18,0.0
2008,9,19,0.8
2008,9,20,0.0
2008,9,21,23.6
2008,9,22,0.0
2008,9,23,31.8
2008,9,24,8.6
2008,9,25,0.0
2008,9,26,24.0
2008,9,27,0.0
2008,9,28,0.0
2008,9,29,2.4
2008,9,30,7.0
2008,10,1,1.2
2008,10,2,0.0
2008,10,3,2.9
2008,10,4,0.0
2008,10,5,0.0
2008,10,6,4.4
2008,10,7,0.0
2008,10,8,26.9
2008,10,9,0.7
2008,10,10,0.0
2008,10,11,3.6
2008,10,12,0.0
2008,10,13,13.8
2008,10,14,11.7
2008,10,15,8.9
2008,10,16,2.3
2008,10,17,40.5
2008,10,18,0.0
2008,10,19,43.0
2008,10,20,0.2
2008,10,21,0.5
2008,10,22,4.0
2008,10,23,3.3
2008,10,24,3.4
2008,10,25,0.0
2008,10,26,0.0
2008,10,27,4.6
2008,10,28,0.0
2008,10,29,0.7
2008,10,30,0.0
2008,10,31,25.1
2008,11,1,1.2
2008,11,2,41.0
2008,11,3,34.4
2008,11,4,8.5
2008,11,5,80.0
2008,11,6,0.0
2008,11,7,1.0
2008,11,8,24.8
2008,11,9,1.1
2008,11,10,17.9
2008,11,11,0.1
2008,11,12,37.0
2008,11,13,2.5
2008,11,14,3.9
2008,11,15,0.0
2008,11,16,0.0
2008,11,17,28.2
2008,11,18,0.0
2008,11,19,65.9
2008,11,20,0.0
2008,11,21,0.0
2008,11,22,0.1
2008,11,23,31.1
2008,11,24,0.0
2008,11,25,1.5
2008,11,26,16.0
2008,11,27,0.0
2008,11,28,0.0
2008,11,29,0.0
2008,11,30,0.0
2008,12,1,0.0
2008,12,2,4.1
2008,12,3,0.4
2008,12,4,28.5
2008,12,5,0.0
2008,12,6,8.8
2008,12,7,12.7
2008,12,8,23.6
2008,12,9,0.0
2008,12,10,0.0
2008,12,11,23.8
2008,12,12,0.0
2008,12,13,1.3
2008,12,14,14.1
2008,12,15,6.2
2008,12,16,0.0
2008,12,17,0.0
2008,12,18,0.0
2008,12,19,0.0
2008,12,20,0.0
2008,12,21,0.0
2008,12,22,0.0
2008,12,23,57.5
2008,12,24,26.7
2008,12,25,0.0
2008,12,26,1.2
2008,12,27,0.0
2008,12,28,10.7
2008,12,29,0.1
2008,12,30,0.0
2008,12,31,3.8
2009,1,1,6.1
2009,1,2,0.5
2009,1,3,0.0
2009,1,4,0.0
2009,1,5,0.1
2009,1,6,0.0
2009,1,7,0.0
2009,1,8,0.0
2009,1,9,0.0
2009,1,10,0.0
2009,1,11,0.0
2009,1,12,0.0
2009,1,13,3.4
2009,1,14,0.0
2009,1,15,0.1
2009,1,16,0.0
2009,1,17,0.0
2009,1,18,0.0
2009,1,19,0.0
2009,1,20,0.0
2009,1,21,0.0
2009,1,22,0.0
2009,1,23,0.0
2009,1,24,0.0
2009,1,25,0.7
2009,1,26,0.0
2009,1,27,0.0
2009,1,28,0.0
2009,1,29,0.0
2009,1,30,0.0
2009,1,31,0.0
2009,2,1,0.1
2009,2,2,0.0
2009,2,3,0.0
2009,2,4,38.1
2009,2,5,0.0
2009,2,6,0.0
2009,2,7,0.4
2009,2,8,0.2
2009,2,9,0.0
2009,2,10,0.2
2009,2,11,25.8
2009,2,12,0.0
2009,2,13,0.0
2009,2,14,0.0
2009,2,15,0.0
2009,2,16,23.2
2009,2,17,0.0
2009,2,18,0.0
2009,2,19,0.0
2009,2,20,0.0
2009,2,21,0.0
2009,2,22,19.8
2009,2,23,7.8
2009,2,24,5.1
2009,2,25,4.6
2009,2,26,0.5
2009,2,27,0.0
2009,2,28,29.5
2009,3,1,32.3
2009,3,2,92.2
2009,3,3,2.1
2009,3,4,0.7
2009,3,5,42.3
2009,3,6,0.0
2009,3,7,0.7
2009,3,8,0.0
2009,3,9,78.4
2009,3,10,0.0
2009,3,11,1.0
2009,3,12,12.9
2009,3,13,0.1
2009,3,14,6.0
2009,3,15,2.1
2009,3,16,6.0
2009,3,17,4.2
2009,3,18,2.8
2009,3,19,0.3
2009,3,20,0.0
2009,3,21,3.9
2009,3,22,0.0
2009,3,23,0.0
2009,3,24,3.8
2009,3,25,22.0
2009,3,26,0.0
2009,3,27,0.0
2009,3,28,0.0
2009,3,29,61.3
2009,3,30,0.7
2009,3,31,0.0
2009,4,1,0.0
2009,4,2,0.0
2009,4,3,0.0
2009,4,4,3.2
2009,4,5,22.7
2009,4,6,2.8
2009,4,7,1.6
2009,4,8,0.1
2009,4,9,0.2
2009,4,10,17.7
2009,4,11,16.2
2009,4,12,0.5
2009,4,13,0.0
2009,4,14,0.0
2009,4,15,4.1
2009,4,16,0.0
2009,4,17,0.0
2009,4,18,0.2
2009,4,19,0.0
2009,4,20,0.8
2009,4,21,0.0
2009,4,22,7.4
2009,4,23,0.0
2009,4,24,0.0
2009,4,25,0.0
2009,4,26,1.6
2009,4,27,0.0
2009,4,28,21.6
2009,4,29,1.7
2009,4,30,5.2
2009,5,1,2.4
2009,5,2,21.8
2009,5,3,10.4
2009,5,4,2.2
2009,5,5,14.9
2009,5,6,4.3
2009,5,7,0.0
2009,5,8,3.6
2009,5,9,5.0
2009,5,10,4.5
2009,5,11,0.8
2009,5,12,0.0
2009,5,13,10.3
2009,5,14,0.0
2009,5,15,29.7
2009,5,16,1.1
2009,5,17,0.0
2009,5,18,2.8
2009,5,19,0.0
2009,5,20,0.0
2009,5,21,22.7
2009,5,22,0.0
2009,5,23,11.5
2009,5,24,0.0
2009,5,25,0.0
2009,5,26,9.0
2009,5,27,0.0
2009,5,28,14.6
2009,5,29,0.0
2009,5,30,1.6
2009,5,31,0.0
2009,6,1,0.0
2009,6,2,1.7
2009,6,3,3.2
2009,6,4,0.0
2009,6,5,0.0
2009,6,6,0.0
2009,6,7,37.6
2009,6,8,0.0
2009,6,9,0.0
2009,6,10,0.0
2009,6,11,0.0
2009,6,12,0.0
2009,6,13,22.0
2009,6,14,0.0
2009,6,15,0.6
2009,6,16,0.2
2009,6,17,0.0
2009,6,18,0.0
2009,6,19,0.0
2009,6,20,24.8
2009,6,21,0.1
2009,6,22,0.0
2009,6,23,22.5
2009,6,24,3.4
2009,6,25,0.0
2009,6,26,0.0
2009,6,27,0.4
2009,6,28,4.0
2009,6,29,1.0
2009,6,30,0.1
2009,7,1,0.0
2009,7,2,5.6
2009,7,3,0.0
2009,7,4,0.0
2009,7,5,26.8
2009,7,6,2.2
2009,7,7,0.2
2009,7,8,0.0
2009,7,9,0.0
2009,7,10,1.0
2009,7,11,0.2
2009,7,12,0.0
2009,7,13,0.0
2009,7,14,11.2
2009,7,15,2.0
2009,7,16,0.0
2009,7,17,0.0
2009,7,18,0.8
2009,7,19,0.0
2009,7,20,0.0
2009,7,21,2.4
2009,7,22,18.8
2009,7,23,8.0
2009,7,24,0.2
2009,7,25,0.2
2009,7,26,0.0
2009,7,27,40.2
2009,7,28,0.0
2009,7,29,0.0
2009,7,30,0.0
2009,7,31,0.0
2009,8,1,0.0
2009,8,2,0.0
2009,8,3,0.0
2009,8,4,0.0
2009,8,5,2.0
2009,8,6,0.0
2009,8,7,0.0
2009,8,8,0.2
2009,8,9,0.1
2009,8,10,0.2
2009,8,11,1.6
2009,8,12,5.6
2009,8,13,0.1
2009,8,14,0.0
2009,8,15,2.2
2009,8,16,10.0
2009,8,17,11.7
2009,8,18,0.0
2009,8,19,0.0
2009,8,20,0.0
2009,8,21,2.8
2009,8,22,41.0
2009,8,23,6.7
2009,8,24,32.7
2009,8,25,1.5
2009,8,26,4.5
2009,8,27,56.5
2009,8,28,0.0
2009,8,29,0.4
2009,8,30,16.7
2009,8,31,0.0
2009,9,1,17.3
2009,9,2,0.0
2009,9,3,0.6
2009,9,4,1.4
2009,9,5,0.0
2009,9,6,0.1
2009,9,7,0.0
2009,9,8,0.0
2009,9,9,0.0
2009,9,10,2.8
2009,9,11,2.3
2009,9,12,0.0
2009,9,13,1.3
2009,9,14,0.0
2009,9,15,0.0
2009,9,16,1.1
2009,9,17,0.0
2009,9,18,31.9
2009,9,19,10.2
2009,9,20,0.0
2009,9,21,0.0
2009,9,22,3.2
2009,9,23,1.8
2009,9,24,1.1
2009,9,25,0.0
2009,9,26,0.0
2009,9,27,0.0
2009,9,28,0.3
2009,9,29,11.9
2009,9,30,0.1
2009,10,1,0.3
2009,10,2,0.0
2009,10,3,1.2
2009,10,4,0.0
2009,10,5,7.0
2009,10,6,0.9
2009,10,7,0.0
2009,10,8,35.1
2009,10,9,0.0
2009,10,10,29.2
2009,10,11,0.0
2009,10,12,0.1
2009,10,13,0.3
2009,10,14,41.6
2009,10,15,9.7
2009,10,16,7.1
2009,10,17,0.0
2009,10,18,0.0
2009,10,19,0.0
2009,10,20,0.3
2009,10,21,0.0
2009,10,22,0.0
2009,10,23,2.0
2009,10,24,0.0
2009,10,25,1.3
2009,10,26,0.0
2009,10,27,28.4
2009,10,28,0.9
2009,10,29,0.0
2009,10,30,96.0
2009,10,31,7.2
2009,11,1,0.0
2009,11,2,15.3
2009,11,3,19.3
2009,11,4,9.9
2009,11,5,41.1
2009,11,6,0.0
2009,11,7,12.9
2009,11,8,0.1
2009,11,9,4.8
2009,11,10,0.9
2009,11,11,1.7
2009,11,12,0.4
2009,11,13,22.7
2009,11,14,0.1
2009,11,15,9.8
2009,11,16,1.1
2009,11,17,0.0
2009,11,18,3.5
2009,11,19,73.9
2009,11,20,0.2
2009,11,21,6.7
2009,11,22,0.0
2009,11,23,0.7
2009,11,24,0.0
2009,11,25,0.0
2009,11,26,0.0
2009,11,27,6.0
2009,11,28,4.5
2009,11,29,0.0
2009,11,30,0.0
2009,12,1,0.0
2009,12,2,0.0
2009,12,3,0.7
2009,12,4,12.5
2009,12,5,0.0
2009,12,6,0.4
2009,12,7,8.6
2009,12,8,0.0
2009,12,9,1.9
2009,12,10,0.0
2009,12,11,0.0
2009,12,12,0.0
2009,12,13,0.0
2009,12,14,0.0
2009,12,15,1.1
2009,12,16,6.5
2009,12,17,14.5
2009,12,18,0.4
2009,12,19,31.2
2009,12,20,0.4
2009,12,21,11.9
2009,12,22,9.3
2009,12,23,3.0
2009,12,24,6.5
2009,12,25,0.0
2009,12,26,3.9
2009,12,27,1.0
2009,12,28,0.0
2009,12,29,0.0
2009,12,30,0.8
2009,12,31,0.0
2010,1,1,7.8
2010,1,2,14.8
2010,1,3,29.1
2010,1,4,0.0
2010,1,5,0.0
2010,1,6,1.7
2010,1,7,1.0
2010,1,8,0.5
2010,1,9,0.0
2010,1,10,0.0
2010,1,11,0.0
2010,1,12,0.0
2010,1,13,1.2
2010,1,14,0.0
2010,1,15,0.0
2010,1,16,0.0
2010,1,17,0.0
2010,1,18,0.0
2010,1,19,0.1
2010,1,20,0.0
2010,1,21,14.7
2010,1,22,13.0
2010,1,23,0.0
2010,1,24,0.0
2010,1,25,0.0
2010,1,26,0.0
2010,1,27,1.5
2010,1,28,0.0
2010,1,29,12.5
2010,1,30,2.1
2010,1,31,0.0
2010,2,1,0.0
2010,2,2,0.0
2010,2,3,0.0
2010,2,4,0.0
2010,2,5,34.9
2010,2,6,0.0
2010,2,7,0.0
2010,2,8,0.0
2010,2,9,0.0
2010,2,10,0.0
2010,2,11,0.1
2010,2,12,0.0
2010,2,13,0.0
2010,2,14,0.0
2010,2,15,0.0
2010,2,16,0.1
2010,2,17,0.8
2010,2,18,0.0
2010,2,19,0.0
2010,2,20,0.0
2010,2,21,8.0
2010,2,22,0.2
2010,2,23,0.0
2010,2,24,0.0
2010,2,25,0.0
2010,2,26,0.2
2010,2,27,0.0
2010,2,28,0.0
2010,3,1,0.0
2010,3,2,0.2
2010,3,3,0.0
2010,3,4,0.0
2010,3,5,0.0
2010,3,6,0.0
2010,3,7,0.0
2010,3,8,40.8
2010,3,9,25.8
2010,3,10,6.6
2010,3,11,0.0
2010,3,12,5.8
2010,3,13,0.0
2010,3,14,35.0
2010,3,15,4.0
2010,3,16,0.6
2010,3,17,0.0
2010,3,18,17.2
2010,3,19,3.4
2010,3,20,10.6
2010,3,21,0.0
2010,3,22,0.4
2010,3,23,7.6
2010,3,24,18.6
2010,3,25,13.0
2010,3,26,8.2
2010,3,27,0.0
2010,3,28,0.0
2010,3,29,29.2
2010,3,30,39.6
2010,3,31,0.4
2010,4,1,2.4
2010,4,2,0.0
2010,4,3,2.2
2010,4,4,0.2
2010,4,5,0.0
2010,4,6,0.2
2010,4,7,0.0
2010,4,8,0.0
2010,4,9,0.0
2010,4,10,0.0
2010,4,11,0.0
2010,4,12,0.0
2010,4,13,0.0
2010,4,14,0.0
2010,4,15,32.2
2010,4,16,39.4
2010,4,17,7.0
2010,4,18,3.4
2010,4,19,8.0
2010,4,20,0.6
2010,4,21,0.0
2010,4,22,37.4
2010,4,23,88.6
2010,4,24,8.6
2010,4,25,0.0
2010,4,26,46.8
2010,4,27,2.0
2010,4,28,7.6
2010,4,29,33.2
2010,4,30,0.0
2010,5,1,0.0
2010,5,2,0.0
2010,5,3,35.0
2010,5,4,0.2
2010,5,5,1.2
2010,5,6,0.0
2010,5,7,9.8
2010,5,8,2.2
2010,5,9,17.8
2010,5,10,0.2
2010,5,11,20.4
2010,5,12,0.4
2010,5,13,1.0
2010,5,14,18.2
2010,5,15,0.0
2010,5,16,36.0
2010,5,17,1.2
2010,5,18,2.6
2010,5,19,2.2
2010,5,20,2.6
2010,5,21,0.0
2010,5,22,3.4
2010,5,23,0.0
2010,5,24,0.2
2010,5,25,0.0
2010,5,26,0.0
2010,5,27,0.0
2010,5,28,42.2
2010,5,29,0.0
2010,5,30,2.0
2010,5,31,1.8
2010,6,1,1.4
2010,6,2,0.8
2010,6,3,5.6
2010,6,4,17.2
2010,6,5,2.8
2010,6,6,0.4
2010,6,7,0.4
2010,6,8,1.6
2010,6,9,0.0
2010,6,10,0.6
2010,6,11,0.0
2010,6,12,14.6
2010,6,13,21.2
2010,6,14,0.6
2010,6,15,4.0
2010,6,16,13.4
2010,6,17,0.2
2010,6,18,4.2
2010,6,19,0.2
2010,6,20,0.0
2010,6,21,0.0
2010,6,22,3.8
2010,6,23,106.0
2010,6,24,28.6
2010,6,25,46.6
2010,6,26,0.2
2010,6,27,0.6
2010,6,28,0.8
2010,6,29,0.0
2010,6,30,0.0
2010,7,1,50.0
2010,7,2,58.4
2010,7,3,3.8
2010,7,4,0.0
2010,7,5,4.4
2010,7,6,0.0
2010,7,7,3.2
2010,7,8,0.4
2010,7,9,0.0
2010,7,10,23.4
2010,7,11,0.6
2010,7,12,0.0
2010,7,13,0.6
2010,7,14,0.2
2010,7,15,0.0
2010,7,16,102.2
2010,7,17,5.0
2010,7,18,17.8
2010,7,19,0.0
2010,7,20,44.2
2010,7,21,16.0
2010,7,22,5.4
2010,7,23,0.0
2010,7,24,0.2
2010,7,25,22.0
2010,7,26,0.8
2010,7,27,3.4
2010,7,28,3.0
2010,7,29,0.6
2010,7,30,50.8
2010,7,31,81.8
2010,8,1,1.0
2010,8,2,0.0
2010,8,3,2.0
2010,8,4,2.0
2010,8,5,3.0
2010,8,6,0.0
2010,8,7,43.8
2010,8,8,0.0
2010,8,9,0.0
2010,8,10,3.0
2010,8,11,13.2
2010,8,12,0.0
2010,8,13,10.6
2010,8,14,29.6
2010,8,15,0.2
2010,8,16,3.8
2010,8,17,73.2
2010,8,18,0.4
2010,8,19,41.2
2010,8,20,10.8
2010,8,21,0.0
2010,8,22,0.0
2010,8,23,16.4
2010,8,24,0.0
2010,8,25,0.0
2010,8,26,0.0
2010,8,27,36.4
2010,8,28,0.2
2010,8,29,0.8
2010,8,30,1.2
2010,8,31,0.0
2010,9,1,0.2
2010,9,2,0.0
2010,9,3,0.0
2010,9,4,13.0
2010,9,5,8.0
2010,9,6,3.2
2010,9,7,0.0
2010,9,8,64.2
2010,9,9,0.0
2010,9,10,15.4
2010,9,11,0.0
2010,9,12,0.0
2010,9,13,0.0
2010,9,14,2.6
2010,9,15,5.6
2010,9,16,0.0
2010,9,17,23.4
2010,9,18,0.0
2010,9,19,0.0
2010,9,20,31.2
2010,9,21,0.0
2010,9,22,41.8
2010,9,23,26.8
2010,9,24,6.8
2010,9,25,4.2
2010,9,26,0.0
2010,9,27,7.6
2010,9,28,1.6
2010,9,29,0.0
2010,9,30,7.8
2010,10,1,0.0
2010,10,2,28.6
2010,10,3,0.0
2010,10,4,1.8
2010,10,5,0.0
2010,10,6,5.2
2010,10,7,14.4
2010,10,8,0.0
2010,10,9,0.0
2010,10,10,0.0
2010,10,11,0.0
2010,10,12,13.6
2010,10,13,0.4
2010,10,14,0.0
2010,10,15,0.0
2010,10,16,0.0
2010,10,17,14.8
2010,10,18,0.2
2010,10,19,0.8
2010,10,20,0.0
2010,10,21,0.2
2010,10,22,0.0
2010,10,23,71.4
2010,10,24,22.6
2010,10,25,1.0
2010,10,26,20.8
2010,10,27,0.2
2010,10,28,2.4
2010,10,29,14.0
2010,10,30,16.8
2010,10,31,1.4
2010,11,1,3.6
2010,11,2,0.2
2010,11,3,0.2
2010,11,4,0.8
2010,11,5,0.4
2010,11,6,11.4
2010,11,7,2.0
2010,11,8,10.8
2010,11,9,3.6
2010,11,10,0.0
2010,11,11,0.4
2010,11,12,0.2
2010,11,13,19.6
2010,11,14,9.6
2010,11,15,1.8
2010,11,16,43.6
2010,11,17,5.8
2010,11,18,0.4
2010,11,19,29.2
2010,11,20,9.0
2010,11,21,1.2
2010,11,22,0.0
2010,11,23,0.0
2010,11,24,36.8
2010,11,25,69.4
2010,11,26,1.6
2010,11,27,6.2
2010,11,28,34.0
2010,11,29,45.2
2010,11,30,27.4
2010,12,1,0.0
2010,12,2,34.8
2010,12,3,3.4
2010,12,4,2.2
2010,12,5,0.0
2010,12,6,5.0
2010,12,7,0.0
2010,12,8,2.0
2010,12,9,0.0
2010,12,10,0.0
2010,12,11,7.6
2010,12,12,0.0
2010,12,13,2.8
2010,12,14,0.2
2010,12,15,1.4
2010,12,16,3.4
2010,12,17,1.8
2010,12,18,0.8
2010,12,19,0.8
2010,12,20,0.0
2010,12,21,0.0
2010,12,22,0.6
2010,12,23,0.2
2010,12,24,6.4
2010,12,25,24.8
2010,12,26,2.6
2010,12,27,0.0
2010,12,28,0.0
2010,12,29,4.6
2010,12,30,0.4
2010,12,31,0.6
2011,1,1,10.6
2011,1,2,0.6
2011,1,3,8.8
2011,1,4,0.0
2011,1,5,12.0
2011,1,6,4.6
2011,1,7,0.4
2011,1,8,1.6
2011,1,9,1.8
2011,1,10,
2011,1,11,
2011,1,12,
2011,1,13,
2011,1,14,
2011,1,15,
2011,1,16,
2011,1,17,
2011,1,18,
2011,1,19,
2011,1,20,
2011,1,21,
2011,1,22,
2011,1,23,
2011,1,24,
2011,1,25,
2011,1,26,
2011,1,27,
2011,1,28,
2011,1,29,
2011,1,30,
2011,1,31,
2013,2,1,0.0
2013,2,2,0.0
2013,2,3,34.6
2013,2,4,1.2
2013,2,5,26.6
2013,2,6,17.4
2013,2,7,1.8
2013,2,8,29.4
2013,2,9,95.2
2013,2,10,52.8
2013,2,11,1.6
2013,2,12,20.4
2013,2,13,4.2
2013,2,14,48.0
2013,2,15,12.6
2013,2,16,4.4
2013,2,17,6.4
2013,2,18,10.6
2013,2,19,1.4
2013,2,20,0.0
2013,2,21,0.2
2013,2,22,0.0
2013,2,23,0.0
2013,2,24,0.0
2013,2,25,47.6
2013,2,26,92.8
2013,2,27,5.0
2013,2,28,1.0
2013,3,1,0.0
2013,3,2,54.8
2013,3,3,0.0
2013,3,4,0.0
2013,3,5,0.0
2013,3,6,0.0
2013,3,7,0.0
2013,3,8,0.0
2013,3,9,8.4
2013,3,10,55.0
2013,3,11,0.0
2013,3,12,0.0
2013,3,13,14.0
2013,3,14,7.4
2013,3,15,0.0
2013,3,16,0.0
2013,3,17,19.0
2013,3,18,0.0
2013,3,19,0.0
2013,3,20,0.0
2013,3,21,0.0
2013,3,22,39.8
2013,3,23,0.0
2013,3,24,40.8
2013,3,25,0.0
2013,3,26,17.4
2013,3,27,0.0
2013,3,28,10.6
2013,3,29,15.4
2013,3,30,35.0
2013,3,31,8.6
2013,4,1,7.0
2013,4,2,2.4
2013,4,3,1.4
2013,4,4,5.4
2013,4,5,0.0
2013,4,6,0.8
2013,4,7,0.0
2013,4,8,0.0
2013,4,9,1.2
2013,4,10,0.0
2013,4,11,0.0
2013,4,12,0.0
2013,4,13,0.6
2013,4,14,15.0
2013,4,15,0.0
2013,4,16,0.0
2013,4,17,13.6
2013,4,18,0.0
2013,4,19,2.2
2013,4,20,0.0
2013,4,21,27.8
2013,4,22,22.2
2013,4,23,2.4
2013,4,24,14.8
2013,4,25,6.0
2013,4,26,51.2
2013,4,27,0.4
2013,4,28,13.8
2013,4,29,0.2
2013,4,30,0.0
2013,5,1,15.2
2013,5,2,2.4
2013,5,3,0.4
2013,5,4,0.6
2013,5,5,28.8
2013,5,6,20.0
2013,5,7,41.2
2013,5,8,23.4
2013,5,9,0.4
2013,5,10,9.8
2013,5,11,0.0
2013,5,12,0.2
2013,5,13,0.0
2013,5,14,19.8
2013,5,15,4.2
2013,5,16,36.8
2013,5,17,0.0
2013,5,18,0.0
2013,5,19,0.0
2013,5,20,0.0
2013,5,21,29.4
2013,5,22,0.6
2013,5,23,0.8
2013,5,24,10.2
2013,5,25,0.4
2013,5,26,0.4
2013,5,27,0.0
2013,5,28,0.0
2013,5,29,0.6
2013,5,30,0.0
2013,5,31,41.0
2013,6,1,0.4
2013,6,2,9.0
2013,6,3,0.2
2013,6,4,0.2
2013,6,5,30.2
2013,6,6,5.8
2013,6,7,43.2
2013,6,8,0.2
2013,6,9,0.0
2013,6,10,0.0
2013,6,11,0.2
2013,6,12,0.0
2013,6,13,0.0
2013,6,14,0.0
2013,6,15,0.0
2013,6,16,0.2
2013,6,17,0.2
2013,6,18,0.0
2013,6,19,0.0
2013,6,20,0.0
2013,6,21,0.0
2013,6,22,0.0
2013,6,23,0.0
2013,6,24,0.0
2013,6,25,0.8
2013,6,26,2.8
2013,6,27,0.0
2013,6,28,0.8
2013,6,29,0.0
2013,6,30,0.6
2013,7,1,0.0
2013,7,2,3.0
2013,7,3,0.0
2013,7,4,1.0
2013,7,5,0.0
2013,7,6,0.0
2013,7,7,0.0
2013,7,8,9.2
2013,7,9,3.0
2013,7,10,0.0
2013,7,11,30.0
2013,7,12,0.0
2013,7,13,0.0
2013,7,14,1.4
2013,7,15,0.6
2013,7,16,1.6
2013,7,17,0.2
2013,7,18,0.4
2013,7,19,0.2
2013,7,20,0.0
2013,7,21,0.0
2013,7,22,0.0
2013,7,23,0.0
2013,7,24,0.0
2013,7,25,0.0
2013,7,26,3.6
2013,7,27,0.6
2013,7,28,0.0
2013,7,29,5.6
2013,7,30,0.0
2013,7,31,0.0
2013,8,1,4.8
2013,8,2,4.8
2013,8,3,0.0
2013,8,4,8.4
2013,8,5,15.8
2013,8,6,0.0
2013,8,7,0.4
2013,8,8,2.0
2013,8,9,1.8
2013,8,10,0.4
2013,8,11,33.6
2013,8,12,8.0
2013,8,13,2.8
2013,8,14,8.6
2013,8,15,0.0
2013,8,16,0.0
2013,8,17,3.0
2013,8,18,7.6
2013,8,19,0.4
2013,8,20,0.2
2013,8,21,0.0
2013,8,22,11.2
2013,8,23,0.0
2013,8,24,0.0
2013,8,25,0.0
2013,8,26,40.0
2013,8,27,0.2
2013,8,28,16.2
2013,8,29,6.0
2013,8,30,0.8
2013,8,31,0.0
2013,9,1,0.0
2013,9,2,24.4
2013,9,3,17.6
2013,9,4,5.6
2013,9,5,9.8
2013,9,6,34.8
2013,9,7,25.6
2013,9,8,12.8
2013,9,9,20.0
2013,9,10,7.2
2013,9,11,8.0
2013,9,12,3.0
2013,9,13,0.0
2013,9,14,0.0
2013,9,15,20.2
2013,9,16,0.0
2013,9,17,1.2
2013,9,18,0.0
2013,9,19,0.0
2013,9,20,0.0
2013,9,21,0.0
2013,9,22,0.0
2013,9,23,0.0
2013,9,24,0.0
2013,9,25,10.6
2013,9,26,40.6
2013,9,27,0.0
2013,9,28,0.0
2013,9,29,17.4
2013,9,30,0.4
2013,10,1,0.0
2013,10,2,14.8
2013,10,3,8.2
2013,10,4,0.0
2013,10,5,0.6
2013,10,6,6.0
2013,10,7,6.6
2013,10,8,3.6
2013,10,9,16.0
2013,10,10,0.8
2013,10,11,0.4
2013,10,12,0.0
2013,10,13,2.2
2013,10,14,12.2
2013,10,15,9.0
2013,10,16,0.0
2013,10,17,0.0
2013,10,18,10.0
2013,10,19,0.0
2013,10,20,9.4
2013,10,21,0.0
2013,10,22,17.0
2013,10,23,0.0
2013,10,24,0.0
2013,10,25,0.0
2013,10,26,1.0
2013,10,27,7.2
2013,10,28,54.8
2013,10,29,2.8
2013,10,30,15.8
2013,10,31,59.0
2013,11,1,36.8
2013,11,2,8.6
2013,11,3,16.4
2013,11,4,4.8
2013,11,5,60.4
2013,11,6,4.4
2013,11,7,0.0
2013,11,8,0.0
2013,11,9,21.0
2013,11,10,1.0
2013,11,11,13.0
2013,11,12,5.8
2013,11,13,1.2
2013,11,14,20.6
2013,11,15,0.6
2013,11,16,4.0
2013,11,17,1.4
2013,11,18,1.4
2013,11,19,0.0
2013,11,20,0.8
2013,11,21,16.0
2013,11,22,1.4
2013,11,23,5.0
2013,11,24,0.0
2013,11,25,10.2
2013,11,26,3.0
2013,11,27,10.4
2013,11,28,2.0
2013,11,29,1.6
2013,11,30,28.4
2013,12,1,0.8
2013,12,2,49.2
2013,12,3,39.6
2013,12,4,28.4
2013,12,5,0.2
2013,12,6,22.4
2013,12,7,0.0
2013,12,8,21.0
2013,12,9,0.0
2013,12,10,10.4
2013,12,11,9.0
2013,12,12,8.2
2013,12,13,0.0
2013,12,14,39.6
2013,12,15,5.2
2013,12,16,0.0
2013,12,17,0.2
2013,12,18,87.8
2013,12,19,3.8
2013,12,20,12.6
2013,12,21,0.2
2013,12,22,0.0
2013,12,23,1.6
2013,12,24,0.2
2013,12,25,0.0
2013,12,26,34.0
2013,12,27,0.0
2013,12,28,0.8
2013,12,29,0.2
2013,12,30,3.4
2013,12,31,0.6
2014,1,1,0.0
2014,1,2,0.0
2014,1,3,2.2
2014,1,4,1.6
2014,1,5,3.8
2014,1,6,77.4
2014,1,7,0.0
2014,1,8,0.0
2014,1,9,0.0
2014,1,10,0.0
2014,1,11,0.0
2014,1,12,0.2
2014,1,13,0.0
2014,1,14,0.0
2014,1,15,0.0
2014,1,16,0.0
2014,1,17,0.0
2014,1,18,0.0
2014,1,19,0.0
2014,1,20,0.0
2014,1,21,0.0
2014,1,22,0.0
2014,1,23,0.0
2014,1,24,0.0
2014,1,25,0.0
2014,1,26,0.0
2014,1,27,0.0
2014,1,28,0.0
2014,1,29,0.0
2014,1,30,0.0
2014,1,31,0.0
2014,2,1,0.0
2014,2,2,0.0
2014,2,3,0.0
2014,2,4,0.0
2014,2,5,0.0
2014,2,6,0.0
2014,2,7,0.0
2014,2,8,0.0
2014,2,9,7.6
2014,2,10,0.0
2014,2,11,0.0
2014,2,12,0.0
2014,2,13,0.0
2014,2,14,0.4
2014,2,15,0.0
2014,2,16,3.8
2014,2,17,0.0
2014,2,18,0.0
2014,2,19,0.0
2014,2,20,0.0
2014,2,21,0.0
2014,2,22,0.0
2014,2,23,0.0
2014,2,24,0.0
2014,2,25,0.0
2014,2,26,0.0
2014,2,27,0.0
2014,2,28,0.0
2014,3,1,0.0
2014,3,2,0.0
2014,3,3,0.0
2014,3,4,0.0
2014,3,5,0.0
2014,3,6,0.0
2014,3,7,0.0
2014,3,8,0.0
2014,3,9,0.0
2014,3,10,0.0
2014,3,11,0.0
2014,3,12,0.0
2014,3,13,0.0
2014,3,14,0.0
2014,3,15,0.0
2014,3,16,26.2
2014,3,17,18.8
2014,3,18,44.8
2014,3,19,30.6
2014,3,20,1.8
2014,3,21,0.0
2014,3,22,0.0
2014,3,23,0.0
2014,3,24,0.0
2014,3,25,0.0
2014,3,26,0.0
2014,3,27,0.0
2014,3,28,5.2
2014,3,29,4.2
2014,3,30,0.2
2014,3,31,1.0
2014,4,1,0.0
2014,4,2,0.2
2014,4,3,0.0
2014,4,4,0.0
2014,4,5,19.4
2014,4,6,1.0
2014,4,7,0.0
2014,4,8,2.0
2014,4,9,5.0
2014,4,10,0.2
2014,4,11,28.0
2014,4,12,2.0
2014,4,13,0.8
2014,4,14,54.4
2014,4,15,0.0
2014,4,16,0.2
2014,4,17,32.4
2014,4,18,5.2
2014,4,19,0.0
2014,4,20,0.8
2014,4,21,5.6
2014,4,22,0.2
2014,4,23,24.2
2014,4,24,5.4
2014,4,25,8.8
2014,4,26,1.0
2014,4,27,0.0
2014,4,28,0.4
2014,4,29,0.0
2014,4,30,0.0
2014,5,1,0.4
2014,5,2,0.2
2014,5,3,22.2
2014,5,4,
2014,5,5,
2014,5,6,2.2
2014,5,7,19.0
2014,5,8,23.4
2014,5,9,0.8
2014,5,10,0.0
2014,5,11,37.0
2014,5,12,2.8
2014,5,13,0.0
2014,5,14,16.6
2014,5,15,0.0
2014,5,16,5.8
2014,5,17,14.8
2014,5,18,11.6
2014,5,19,30.4
2014,5,20,4.8
2014,5,21,10.2
2014,5,22,0.0
2014,5,23,0.4
2014,5,24,0.0
2014,5,25,0.0
2014,5,26,19.0
2014,5,27,0.2
2014,5,28,16.4
2014,5,29,1.2
2014,5,30,11.0
2014,5,31,1.4
2014,6,1,14.6
2014,6,2,0.2
2014,6,3,0.0
2014,6,4,2.8
2014,6,5,8.8
2014,6,6,36.4
2014,6,7,0.2
2014,6,8,0.0
2014,6,9,0.0
2014,6,10,1.2
2014,6,11,0.0
2014,6,12,8.2
2014,6,13,0.0
2014,6,14,18.6
2014,6,15,4.0
2014,6,16,0.0
2014,6,17,0.0
2014,6,18,3.2
2014,6,19,10.8
2014,6,20,0.0
2014,6,21,0.0
2014,6,22,1.0
2014,6,23,0.0
2014,6,24,14.6
2014,6,25,27.4
2014,6,26,0.4
2014,6,27,0.0
2014,6,28,0.0
2014,6,29,9.4
2014,6,30,12.6
2014,7,1,0.0
2014,7,2,0.0
2014,7,3,0.0
2014,7,4,1.0
2014,7,5,18.2
2014,7,6,4.4
2014,7,7,25.4
2014,7,8,16.2
2014,7,9,105.8
2014,7,10,0.2
2014,7,11,9.2
2014,7,12,0.4
2014,7,13,0.0
2014,7,14,0.0
2014,7,15,0.0
2014,7,16,0.0
2014,7,17,18.6
2014,7,18,0.0
2014,7,19,0.0
2014,7,20,0.0
2014,7,21,0.0
2014,7,22,0.0
2014,7,23,0.0
2014,7,24,0.0
2014,7,25,0.0
2014,7,26,0.0
2014,7,27,12.6
2014,7,28,0.2
2014,7,29,6.4
2014,7,30,41.8
2014,7,31,0.2
2014,8,1,4.2
2014,8,2,29.4
2014,8,3,0.0
2014,8,4,0.0
2014,8,5,6.6
2014,8,6,22.2
2014,8,7,0.2
2014,8,8,0.6
2014,8,9,0.0
2014,8,10,9.2
2014,8,11,5.2
2014,8,12,0.2
2014,8,13,0.2
2014,8,14,1.6
2014,8,15,52.4
2014,8,16,0.0
2014,8,17,0.0
2014,8,18,0.0
2014,8,19,13.8
2014,8,20,2.4
2014,8,21,2.2
2014,8,22,0.0
2014,8,23,14.4
2014,8,24,5.6
2014,8,25,2.2
2014,8,26,5.8
2014,8,27,15.2
2014,8,28,4.0
2014,8,29,17.0
2014,8,30,13.8
2014,8,31,1.0
2014,9,1,0.0
2014,9,2,0.0
2014,9,3,24.0
2014,9,4,0.2
2014,9,5,2.8
2014,9,6,1.2
2014,9,7,0.2
2014,9,8,0.0
2014,9,9,0.0
2014,9,10,0.0
2014,9,11,18.2
2014,9,12,0.2
2014,9,13,0.0
2014,9,14,0.0
2014,9,15,0.0
2014,9,16,0.0
2014,9,17,0.2
2014,9,18,0.2
2014,9,19,0.4
2014,9,20,6.8
2014,9,21,3.8
2014,9,22,0.0
2014,9,23,0.0
2014,9,24,69.4
2014,9,25,32.6
2014,9,26,0.0
2014,9,27,0.0
2014,9,28,0.0
2014,9,29,0.0
2014,9,30,0.0
2014,10,1,0.0
2014,10,2,0.0
2014,10,3,0.0
2014,10,4,0.0
2014,10,5,0.0
2014,10,6,0.0
2014,10,7,0.0
2014,10,8,0.0
2014,10,9,0.0
2014,10,10,0.0
2014,10,11,0.0
2014,10,12,6.0
2014,10,13,6.4
2014,10,14,2.0
2014,10,15,10.0
2014,10,16,1.0
2014,10,17,30.4
2014,10,18,0.2
2014,10,19,0.0
2014,10,20,0.0
2014,10,21,15.8
2014,10,22,3.6
2014,10,23,0.2
2014,10,24,0.0
2014,10,25,0.0
2014,10,26,0.0
2014,10,27,7.2
2014,10,28,0.0
2014,10,29,0.0
2014,10,30,1.8
2014,10,31,80.0
2014,11,1,0.0
2014,11,2,0.0
2014,11,3,0.0
2014,11,4,0.0
2014,11,5,10.4
2014,11,6,13.2
2014,11,7,36.2
2014,11,8,50.8
2014,11,9,7.6
2014,11,10,0.4
2014,11,11,14.2
2014,11,12,26.2
2014,11,13,55.2
2014,11,14,0.0
2014,11,15,6.4
2014,11,16,0.2
2014,11,17,54.6
2014,11,18,3.8
2014,11,19,0.0
2014,11,20,12.2
2014,11,21,0.2
2014,11,22,1.6
2014,11,23,9.6
2014,11,24,1.0
2014,11,25,17.0
2014,11,26,70.6
2014,11,27,0.6
2014,11,28,0.2
2014,11,29,21.8
2014,11,30,0.0
2014,12,1,6.2
2014,12,2,0.0
2014,12,3,0.0
2014,12,4,60.8
2014,12,5,0.0
2014,12,6,6.4
2014,12,7,5.0
2014,12,8,0.2
2014,12,9,0.0
2014,12,10,1.2
2014,12,11,33.8
2014,12,12,0.2
2014,12,13,49.6
2014,12,14,0.2
2014,12,15,0.0
2014,12,16,2.0
2014,12,17,8.2
2014,12,18,0.2
2014,12,19,32.2
2014,12,20,1.0
2014,12,21,7.2
2014,12,22,0.2
2014,12,23,0.0
2014,12,24,9.0
2014,12,25,0.2
2014,12,26,61.4
2014,12,27,21.8
2014,12,28,2.0
2014,12,29,2.0
2014,12,30,0.0
2014,12,31,0.0
2015,1,1,0.2
2015,1,2,0.0
2015,1,3,0.0
2015,1,4,0.0
2015,1,5,0.0
2015,1,6,47.8
2015,1,7,2.4
2015,1,8,6.2
2015,1,9,1.0
2015,1,10,15.2
2015,1,11,1.8
2015,1,12,0.0
2015,1,13,0.0
2015,1,14,0.0
2015,1,15,0.0
2015,1,16,0.0
2015,1,17,0.0
2015,1,18,0.0
2015,1,19,0.0
2015,1,20,0.0
2015,1,21,54.8
2015,1,22,0.2
2015,1,23,0.0
2015,1,24,0.0
2015,1,25,0.0
2015,1,26,0.0
2015,1,27,0.0
2015,1,28,0.2
2015,1,29,0.0
2015,1,30,0.0
2015,1,31,0.0
2015,2,1,0.0
2015,2,2,0.0
2015,2,3,0.0
2015,2,4,4.0
2015,2,5,0.0
2015,2,6,12.8
2015,2,7,0.0
2015,2,8,0.0
2015,2,9,0.0
2015,2,10,0.0
2015,2,11,0.0
2015,2,12,0.0
2015,2,13,0.0
2015,2,14,0.0
2015,2,15,0.0
2015,2,16,0.0
2015,2,17,0.0
2015,2,18,0.0
2015,2,19,7.4
2015,2,20,0.0
2015,2,21,0.0
2015,2,22,0.0
2015,2,23,32.8
2015,2,24,0.0
2015,2,25,0.0
2015,2,26,0.0
2015,2,27,0.0
2015,2,28,0.0
2015,3,1,0.0
2015,3,2,2.0
2015,3,3,0.0
2015,3,4,0.0
2015,3,5,0.0
2015,3,6,0.0
2015,3,7,0.0
2015,3,8,3.8
2015,3,9,3.2
2015,3,10,0.0
2015,3,11,9.2
2015,3,12,0.0
2015,3,13,0.0
2015,3,14,0.2
2015,3,15,11.2
2015,3,16,7.0
2015,3,17,0.0
2015,3,18,0.0
2015,3,19,45.6
2015,3,20,0.0
2015,3,21,34.0
2015,3,22,80.2
2015,3,23,0.0
2015,3,24,0.0
2015,3,25,0.0
2015,3,26,0.0
2015,3,27,0.0
2015,3,28,5.8
2015,3,29,24.2
2015,3,30,0.0
2015,3,31,18.2
2015,4,1,24.4
2015,4,2,20.6
2015,4,3,14.2
2015,4,4,5.8
2015,4,5,6.4
2015,4,6,0.6
2015,4,7,0.0
2015,4,8,0.0
2015,4,9,0.4
2015,4,10,0.4
2015,4,11,52.6
2015,4,12,3.0
2015,4,13,0.0
2015,4,14,0.0
2015,4,15,0.0
2015,4,16,0.0
2015,4,17,0.0
2015,4,18,0.4
2015,4,19,0.8
2015,4,20,0.0
2015,4,21,0.4
2015,4,22,24.0
2015,4,23,3.8
2015,4,24,29.0
2015,4,25,30.4
2015,4,26,1.2
2015,4,27,4.4
2015,4,28,88.6
2015,4,29,0.2
2015,4,30,11.2
2015,5,1,0.2
2015,5,2,0.0
2015,5,3,80.2
2015,5,4,0.0
2015,5,5,0.0
2015,5,6,0.0
2015,5,7,9.8
2015,5,8,4.0
2015,5,9,0.0
2015,5,10,0.0
2015,5,11,0.0
2015,5,12,0.0
2015,5,13,8.4
2015,5,14,32.2
2015,5,15,4.6
2015,5,16,8.8
2015,5,17,0.0
2015,5,18,55.4
2015,5,19,1.2
2015,5,20,0.2
2015,5,21,0.0
2015,5,22,0.0
2015,5,23,5.8
2015,5,24,0.0
2015,5,25,1.4
2015,5,26,0.4
2015,5,27,0.0
2015,5,28,0.6
2015,5,29,0.2
2015,5,30,0.0
2015,5,31,0.8
2015,6,1,0.0
2015,6,2,5.8
2015,6,3,0.0
2015,6,4,5.4
2015,6,5,0.6
2015,6,6,5.4
2015,6,7,3.8
2015,6,8,0.0
2015,6,9,0.0
2015,6,10,0.0
2015,6,11,0.0
2015,6,12,65.0
2015,6,13,0.0
2015,6,14,8.6
2015,6,15,0.6
2015,6,16,26.4
2015,6,17,0.0
2015,6,18,0.0
2015,6,19,0.0
2015,6,20,0.0
2015,6,21,0.0
2015,6,22,0.0
2015,6,23,0.0
2015,6,24,0.0
2015,6,25,0.0
2015,6,26,0.0
2015,6,27,0.0
2015,6,28,0.0
2015,6,29,0.0
2015,6,30,0.0
2015,7,1,6.4
2015,7,2,1.4
2015,7,3,0.0
2015,7,4,36.6
2015,7,5,0.0
2015,7,6,0.0
2015,7,7,0.0
2015,7,8,4.8
2015,7,9,0.2
2015,7,10,3.2
2015,7,11,10.4
2015,7,12,0.0
2015,7,13,0.8
2015,7,14,27.4
2015,7,15,0.0
2015,7,16,0.4
2015,7,17,20.8
2015,7,18,0.6
2015,7,19,0.0
2015,7,20,0.0
2015,7,21,0.0
2015,7,22,0.0
2015,7,23,0.0
2015,7,24,0.0
2015,7,25,0.0
2015,7,26,3.6
2015,7,27,0.0
2015,7,28,12.8
2015,7,29,0.0
2015,7,30,35.0
2015,7,31,12.2
2015,8,1,0.8
2015,8,2,0.0
2015,8,3,5.4
2015,8,4,15.0
2015,8,5,0.0
2015,8,6,26.8
2015,8,7,2.0
2015,8,8,7.6
2015,8,9,15.2
2015,8,10,0.0
2015,8,11,8.0
2015,8,12,1.6
2015,8,13,0.0
2015,8,14,0.0
2015,8,15,0.0
2015,8,16,0.0
2015,8,17,1.2
2015,8,18,0.0
2015,8,19,0.0
2015,8,20,0.0
2015,8,21,12.0
2015,8,22,0.0
2015,8,23,0.0
2015,8,24,0.0
2015,8,25,6.8
2015,8,26,0.0
2015,8,27,0.0
2015,8,28,0.0
2015,8,29,0.0
2015,8,30,0.0
2015,8,31,0.0
2015,9,1,0.0
2015,9,2,0.0
2015,9,3,0.0
2015,9,4,15.0
2015,9,5,0.0
2015,9,6,0.0
2015,9,7,0.0
2015,9,8,0.0
2015,9,9,13.2
2015,9,10,0.0
2015,9,11,0.0
2015,9,12,0.0
2015,9,13,0.0
2015,9,14,0.0
2015,9,15,5.8
2015,9,16,4.0
2015,9,17,0.2
2015,9,18,0.0
2015,9,19,0.0
2015,9,20,2.2
2015,9,21,0.4
2015,9,22,0.0
2015,9,23,0.0
2015,9,24,0.0
2015,9,25,0.0
2015,9,26,0.0
2015,9,27,0.0
2015,9,28,11.8
2015,9,29,0.0
2015,9,30,18.6
2015,10,1,0.2
2015,10,2,10.2
2015,10,3,0.0
2015,10,4,0.0
2015,10,5,0.0
2015,10,6,3.8
2015,10,7,9.6
2015,10,8,8.8
2015,10,9,0.0
2015,10,10,0.0
2015,10,11,0.0
2015,10,12,0.0
2015,10,13,34.8
2015,10,14,0.0
2015,10,15,0.0
2015,10,16,0.0
2015,10,17,0.0
2015,10,18,0.0
2015,10,19,0.0
2015,10,20,0.0
2015,10,21,0.0
2015,10,22,0.0
2015,10,23,0.0
2015,10,24,11.8
2015,10,25,0.0
2015,10,26,0.0
2015,10,27,0.0
2015,10,28,13.2
2015,10,29,0.0
2015,10,30,28.6
2015,10,31,5.4
2015,11,1,7.8
2015,11,2,11.0
2015,11,3,2.0
2015,11,4,0.0
2015,11,5,0.0
2015,11,6,0.0
2015,11,7,11.0
2015,11,8,15.6
2015,11,9,16.6
2015,11,10,0.0
2015,11,11,25.2
2015,11,12,2.0
2015,11,13,22.6
2015,11,14,0.0
2015,11,15,5.6
2015,11,16,48.4
2015,11,17,22.8
2015,11,18,0.0
2015,11,19,1.6
2015,11,20,2.8
2015,11,21,13.6
2015,11,22,0.0
2015,11,23,0.0
2015,11,24,32.6
2015,11,25,19.0
2015,11,26,13.8
2015,11,27,0.0
2015,11,28,9.0
2015,11,29,1.0
2015,11,30,25.6
2015,12,1,32.6
2015,12,2,0.6
2015,12,3,0.0
2015,12,4,24.8
2015,12,5,55.8
2015,12,6,2.0
2015,12,7,0.0
2015,12,8,10.2
2015,12,9,8.4
2015,12,10,10.8
2015,12,11,16.2
2015,12,12,17.6
2015,12,13,8.8
2015,12,14,1.2
2015,12,15,0.2
2015,12,16,0.0
2015,12,17,0.6
2015,12,18,4.8
2015,12,19,0.0
2015,12,20,0.0
2015,12,21,0.0
2015,12,22,0.0
2015,12,23,10.0
2015,12,24,30.6
2015,12,25,1.2
2015,12,26,0.0
2015,12,27,0.0
2015,12,28,7.0
2015,12,29,23.4
2015,12,30,0.0
2015,12,31,2.8
2016,1,1,9.4
2016,1,2,13.2
2016,1,3,0.2
2016,1,4,1.2
2016,1,5,0.0
2016,1,6,0.0
2016,1,7,0.0
2016,1,8,0.0
2016,1,9,0.0
2016,1,10,0.0
2016,1,11,14.8
2016,1,12,0.0
2016,1,13,0.0
2016,1,14,2.8
2016,1,15,13.0
2016,1,16,0.0
2016,1,17,
2016,1,18,
2016,1,19,
2016,1,20,1.6
2016,1,21,0.6
2016,1,22,29.6
2016,1,23,8.6
2016,1,24,0.0
2016,1,25,7.4
2016,1,26,0.6
2016,1,27,0.2
2016,1,28,18.8
2016,1,29,0.2
2016,1,30,0.0
2016,1,31,12.2
2016,2,1,0.0
2016,2,2,4.8
2016,2,3,0.0
2016,2,4,6.2
2016,2,5,7.8
2016,2,6,3.4
2016,2,7,25.2
2016,2,8,0.0
2016,2,9,0.0
2016,2,10,4.4
2016,2,11,0.0
2016,2,12,6.4
2016,2,13,0.2
2016,2,14,48.2
2016,2,15,0.0
2016,2,16,0.0
2016,2,17,0.0
2016,2,18,0.2
2016,2,19,84.8
2016,2,20,0.0
2016,2,21,0.0
2016,2,22,0.0
2016,2,23,1.2
2016,2,24,14.2
2016,2,25,0.2
2016,2,26,0.0
2016,2,27,0.0
2016,2,28,0.0
2016,2,29,1.2
2016,3,1,0.0
2016,3,2,0.0
2016,3,3,0.0
2016,3,4,3.2
2016,3,5,0.0
2016,3,6,0.0
2016,3,7,2.4
2016,3,8,4.0
2016,3,9,0.0
2016,3,10,13.0
2016,3,11,0.0
2016,3,12,0.0
2016,3,13,17.8
2016,3,14,2.6
2016,3,15,0.0
2016,3,16,0.0
2016,3,17,0.0
2016,3,18,0.0
2016,3,19,0.0
2016,3,20,3.6
2016,3,21,34.8
2016,3,22,0.0
2016,3,23,0.0
2016,3,24,2.0
2016,3,25,1.0
2016,3,26,0.0
2016,3,27,0.0
2016,3,28,0.0
2016,3,29,0.0
2016,3,30,0.0
2016,3,31,0.0
2016,4,1,0.0
2016,4,2,0.0
2016,4,3,81.8
2016,4,4,0.2
2016,4,5,0.0
2016,4,6,0.0
2016,4,7,0.0
2016,4,8,0.0
2016,4,9,18.6
2016,4,10,0.6
2016,4,11,0.0
2016,4,12,1.4
2016,4,13,0.0
2016,4,14,0.8
2016,4,15,2.2
2016,4,16,22.0
2016,4,17,4.4
2016,4,18,0.0
2016,4,19,0.0
2016,4,20,1.8
2016,4,21,0.0
2016,4,22,6.6
2016,4,23,7.0
2016,4,24,0.2
2016,4,25,7.0
2016,4,26,0.4
2016,4,27,14.0
2016,4,28,3.8
2016,4,29,2.0
2016,4,30,29.6
2016,5,1,0.2
2016,5,2,58.6
2016,5,3,0.0
2016,5,4,0.0
2016,5,5,14.0
2016,5,6,1.4
2016,5,7,4.4
2016,5,8,0.0
2016,5,9,0.0
2016,5,10,0.0
2016,5,11,51.0
2016,5,12,5.2
2016,5,13,1.6
2016,5,14,12.0
2016,5,15,20.6
2016,5,16,1.8
2016,5,17,2.0
2016,5,18,8.2
2016,5,19,6.4
2016,5,20,1.0
2016,5,21,1.0
2016,5,22,18.8
2016,5,23,0.0
2016,5,24,7.4
2016,5,25,10.4
2016,5,26,0.2
2016,5,27,0.0
2016,5,28,39.8
2016,5,29,0.0
2016,5,30,1.8
2016,5,31,0.0
2016,6,1,1.0
2016,6,2,31.6
2016,6,3,0.0
2016,6,4,0.6
2016,6,5,0.2
2016,6,6,0.0
2016,6,7,0.0
2016,6,8,45.8
2016,6,9,16.2
2016,6,10,0.6
2016,6,11,8.4
2016,6,12,0.0
2016,6,13,0.0
2016,6,14,0.8
2016,6,15,48.2
2016,6,16,3.0
2016,6,17,22.4
2016,6,18,0.2
2016,6,19,0.2
2016,6,20,0.0
2016,6,21,0.0
2016,6,22,11.2
2016,6,23,0.0
2016,6,24,42.6
2016,6,25,0.2
2016,6,26,0.4
2016,6,27,0.0
2016,6,28,0.0
2016,6,29,0.0
2016,6,30,0.0
2016,7,1,0.0
2016,7,2,0.0
2016,7,3,0.0
2016,7,4,0.0
2016,7,5,0.0
2016,7,6,0.2
2016,7,7,8.0
2016,7,8,9.4
2016,7,9,0.0
2016,7,10,0.0
2016,7,11,3.0
2016,7,12,0.0
2016,7,13,16.6
2016,7,14,5.6
2016,7,15,37.6
2016,7,16,0.0
2016,7,17,2.0
2016,7,18,0.6
2016,7,19,47.0
2016,7,20,12.4
2016,7,21,6.4
2016,7,22,3.2
2016,7,23,1.0
2016,7,24,16.6
2016,7,25,0.2
2016,7,26,25.4
2016,7,27,0.0
2016,7,28,57.2
2016,7,29,0.0
2016,7,30,0.0
2016,7,31,7.4
2016,8,1,0.0
2016,8,2,0.0
2016,8,3,2.0
2016,8,4,0.0
2016,8,5,0.2
2016,8,6,0.0
2016,8,7,0.0
2016,8,8,0.0
2016,8,9,0.0
2016,8,10,0.0
2016,8,11,3.6
2016,8,12,5.8
2016,8,13,1.8
2016,8,14,0.2
2016,8,15,0.0
2016,8,16,0.0
2016,8,17,23.0
2016,8,18,0.2
2016,8,19,19.2
2016,8,20,1.4
2016,8,21,25.8
2016,8,22,0.0
2016,8,23,0.0
2016,8,24,26.6
2016,8,25,0.0
2016,8,26,0.0
2016,8,27,0.0
2016,8,28,0.0
2016,8,29,0.0
2016,8,30,2.2
2016,8,31,1.4
2016,9,1,3.4
2016,9,2,0.2
2016,9,3,0.0
2016,9,4,2.0
2016,9,5,0.4
2016,9,6,2.8
2016,9,7,11.6
2016,9,8,0.0
2016,9,9,4.6
2016,9,10,15.8
2016,9,11,14.4
2016,9,12,0.4
2016,9,13,0.2
2016,9,14,7.0
2016,9,15,0.0
2016,9,16,11.6
2016,9,17,0.0
2016,9,18,5.6
2016,9,19,2.0
2016,9,20,2.2
2016,9,21,2.2
2016,9,22,0.0
2016,9,23,0.0
2016,9,24,0.0
2016,9,25,0.0
2016,9,26,0.0
2016,9,27,0.0
2016,9,28,0.0
2016,9,29,0.0
2016,9,30,0.4
2016,10,1,0.0
2016,10,2,0.2
2016,10,3,4.8
2016,10,4,0.4
2016,10,5,0.0
2016,10,6,0.0
2016,10,7,82.0
2016,10,8,0.0
2016,10,9,0.0
2016,10,10,0.0
2016,10,11,0.0
2016,10,12,0.0
2016,10,13,0.0
2016,10,14,15.0
2016,10,15,0.2
2016,10,16,7.8
2016,10,17,0.0
2016,10,18,1.8
2016,10,19,25.6
2016,10,20,0.0
2016,10,21,1.8
2016,10,22,0.0
2016,10,23,0.2
2016,10,24,1.8
2016,10,25,47.8
2016,10,26,1.0
2016,10,27,21.0
2016,10,28,6.4
2016,10,29,7.2
2016,10,30,0.8
2016,10,31,0.0
2016,11,1,52.6
2016,11,2,18.4
2016,11,3,7.0
2016,11,4,0.8
2016,11,5,3.2
2016,11,6,0.8
2016,11,7,1.8
2016,11,8,0.2
2016,11,9,10.0
2016,11,10,0.2
2016,11,11,2.4
2016,11,12,35.6
2016,11,13,0.0
2016,11,14,34.0
2016,11,15,1.4
2016,11,16,4.0
2016,11,17,0.2
2016,11,18,37.0
2016,11,19,4.4
2016,11,20,3.8
2016,11,21,0.6
2016,11,22,0.0
2016,11,23,0.8
2016,11,24,0.0
2016,11,25,42.0
2016,11,26,4.2
2016,11,27,1.0
2016,11,28,0.0
2016,11,29,0.0
2016,11,30,0.0
2016,12,1,9.6
2016,12,2,1.4
2016,12,3,0.0
2016,12,4,0.0
2016,12,5,17.2
2016,12,6,0.4
2016,12,7,0.0
2016,12,8,0.0
2016,12,9,13.8
2016,12,10,4.8
2016,12,11,1.4
2016,12,12,0.0
2016,12,13,4.0
2016,12,14,0.2
2016,12,15,0.0
2016,12,16,0.0
2016,12,17,2.0
2016,12,18,11.0
2016,12,19,3.2
2016,12,20,0.4
2016,12,21,0.2
2016,12,22,15.6
2016,12,23,41.2
2016,12,24,30.0
2016,12,25,35.6
2016,12,26,0.2
2016,12,27,8.6
2016,12,28,4.0
2016,12,29,0.0
2016,12,30,1.6
2016,12,31,0.0
2017,1,1,2.4
2017,1,2,63.2
2017,1,3,0.2
2017,1,4,0.8
2017,1,5,1.4
2017,1,6,0.0
2017,1,7,0.0
2017,1,8,0.0
2017,1,9,0.0
2017,1,10,0.2
2017,1,11,19.0
2017,1,12,0.0
2017,1,13,0.0
2017,1,14,0.0
2017,1,15,0.0
2017,1,16,0.0
2017,1,17,0.0
2017,1,18,18.2
2017,1,19,30.2
2017,1,20,9.8
2017,1,21,42.0
2017,1,22,10.2
2017,1,23,59.8
2017,1,24,16.4
2017,1,25,8.8
2017,1,26,7.8
2017,1,27,0.0
2017,1,28,0.2
2017,1,29,0.2
2017,1,30,16.2
2017,1,31,0.0
2017,2,1,0.0
2017,2,2,11.8
2017,2,3,18.6
2017,2,4,4.8
2017,2,5,0.0
2017,2,6,0.0
2017,2,7,12.2
2017,2,8,31.0
2017,2,9,0.0
2017,2,10,0.0
2017,2,11,0.0
2017,2,12,4.6
2017,2,13,7.8
2017,2,14,1.8
2017,2,15,4.6
2017,2,16,0.0
2017,2,17,0.0
2017,2,18,0.0
2017,2,19,0.0
2017,2,20,0.4
2017,2,21,4.0
2017,2,22,0.0
2017,2,23,20.8
2017,2,24,6.8
2017,2,25,8.8
2017,2,26,0.4
2017,2,27,4.8
2017,2,28,7.6
2017,3,1,21.8
2017,3,2,0.8
2017,3,3,32.8
2017,3,4,5.2
2017,3,5,1.0
2017,3,6,4.4
2017,3,7,5.4
2017,3,8,0.0
2017,3,9,0.0
2017,3,10,0.0
2017,3,11,10.6
2017,3,12,27.8
2017,3,13,0.4
2017,3,14,0.6
2017,3,15,0.0
2017,3,16,3.2
2017,3,17,2.6
2017,3,18,0.0
2017,3,19,25.2
2017,3,20,8.0
2017,3,21,0.0
2017,3,22,8.0
2017,3,23,0.0
2017,3,24,0.0
2017,3,25,110.4
2017,3,26,0.2
2017,3,27,0.0
2017,3,28,1.8
2017,3,29,0.8
2017,3,30,6.2
2017,3,31,0.4
2017,4,1,0.8
2017,4,2,0.2
2017,4,3,4.8
2017,4,4,7.8
2017,4,5,0.2
2017,4,6,0.0
2017,4,7,5.0
2017,4,8,5.0
2017,4,9,0.0
2017,4,10,0.0
2017,4,11,0.0
2017,4,12,8.4
2017,4,13,9.2
2017,4,14,2.4
2017,4,15,0.4
2017,4,16,30.8
2017,4,17,5.4
2017,4,18,9.8
2017,4,19,4.8
2017,4,20,37.6
2017,4,21,11.0
2017,4,22,1.2
2017,4,23,0.0
2017,4,24,5.0
2017,4,25,
2017,4,26,
2017,4,27,0.2
2017,4,28,23.6
2017,4,29,0.0
2017,4,30,0.0
2017,5,1,3.0
2017,5,2,2.6
2017,5,3,0.2
2017,5,4,2.2
2017,5,5,0.0
2017,5,6,0.0
2017,5,7,1.0
2017,5,8,0.0
2017,5,9,0.0
2017,5,10,3.4
2017,5,11,0.2
2017,5,12,0.0
2017,5,13,12.8
2017,5,14,
2017,5,15,
2017,5,16,
2017,5,17,0.0
2017,5,18,3.4
2017,5,19,0.0
2017,5,20,0.0
2017,5,21,39.8
2017,5,22,20.4
2017,5,23,0.4
2017,5,24,54.0
2017,5,25,
2017,5,26,
2017,5,27,
2017,5,28,0.0
2017,5,29,0.0
2017,5,30,25.0
2017,5,31,62.6
2017,6,1,6.4
2017,6,2,0.0
2017,6,3,0.0
2017,6,4,0.0
2017,6,5,0.0
2017,6,6,0.0
2017,6,7,0.0
2017,6,8,0.4
2017,6,9,0.0
2017,6,10,
2017,6,11,0.0
2017,6,12,0.0
2017,6,13,0.0
2017,6,14,
2017,6,15,0.0
2017,6,16,0.2
2017,6,17,0.0
2017,6,18,137.0
2017,6,19,0.2
2017,6,20,0.2
2017,6,21,2.8
2017,6,22,0.0
2017,6,23,
2017,6,24,0.0
2017,6,25,5.4
2017,6,26,9.2
2017,6,27,
2017,6,28,20.2
2017,6,29,
2017,6,30,0.2
2017,7,1,0.0
2017,7,2,0.0
2017,7,3,1.4
2017,7,4,0.0
2017,7,5,39.6
2017,7,6,
2017,7,7,
2017,7,8,8.6
2017,7,9,2.0
2017,7,10,2.2
2017,7,11,0.8
2017,7,12,7.0
2017,7,13,9.6
2017,7,14,78.8
2017,7,15,0.8
2017,7,16,0.0
2017,7,17,0.0
2017,7,18,0.0
2017,7,19,0.0
2017,7,20,0.0
2017,7,21,0.0
2017,7,22,0.0
2017,7,23,0.0
2017,7,24,0.0
2017,7,25,0.0
2017,7,26,3.4
2017,7,27,0.0
2017,7,28,0.0
2017,7,29,0.0
2017,7,30,5.8
2017,7,31,0.0
2017,8,1,8.6
2017,8,2,0.0
2017,8,3,0.0
2017,8,4,0.0
2017,8,5,0.0
2017,8,6,3.6
2017,8,7,0.2
2017,8,8,9.8
2017,8,9,0.4
2017,8,10,0.0
2017,8,11,62.8
2017,8,12,18.4
2017,8,13,0.0
2017,8,14,0.0
2017,8,15,10.8
2017,8,16,0.0
2017,8,17,61.2
2017,8,18,1.4
2017,8,19,0.0
2017,8,20,0.0
2017,8,21,21.8
2017,8,22,0.2
2017,8,23,0.0
2017,8,24,0.0
2017,8,25,0.0
2017,8,26,0.0
2017,8,27,0.0
2017,8,28,0.0
2017,8,29,0.6
2017,8,30,0.2
2017,8,31,0.0
2017,9,1,1.0
2017,9,2,0.0
2017,9,3,0.0
2017,9,4,0.0
2017,9,5,1.2
2017,9,6,35.6
2017,9,7,0.8
2017,9,8,50.8
2017,9,9,0.0
2017,9,10,0.6
2017,9,11,16.2
2017,9,12,0.0
2017,9,13,0.0
2017,9,14,6.8
2017,9,15,11.4
2017,9,16,2.2
2017,9,17,1.6
2017,9,18,7.2
2017,9,19,42.0
2017,9,20,18.2
2017,9,21,3.4
2017,9,22,0.0
2017,9,23,6.0
2017,9,24,0.6
2017,9,25,1.4
2017,9,26,20.2
2017,9,27,0.0
2017,9,28,0.2
2017,9,29,15.4
2017,9,30,0.0
2017,10,1,5.6
2017,10,2,0.0
2017,10,3,1.0
2017,10,4,3.8
2017,10,5,23.8
2017,10,6,19.2
2017,10,7,16.8
2017,10,8,42.8
2017,10,9,22.8
2017,10,10,1.2
2017,10,11,6.4
2017,10,12,2.8
2017,10,13,1.6
2017,10,14,0.0
2017,10,15,0.0
2017,10,16,0.0
2017,10,17,0.0
2017,10,18,0.0
2017,10,19,0.0
2017,10,20,0.0
2017,10,21,0.0
2017,10,22,0.0
2017,10,23,0.2
2017,10,24,0.0
2017,10,25,0.2
2017,10,26,0.0
2017,10,27,0.0
2017,10,28,0.0
2017,10,29,0.2
2017,10,30,7.2
2017,10,31,2.4
2017,11,1,0.0
2017,11,2,0.0
2017,11,3,41.8
2017,11,4,18.6
2017,11,5,6.4
2017,11,6,44.0
2017,11,7,1.0
2017,11,8,2.6
2017,11,9,20.2
2017,11,10,36.4
2017,11,11,18.2
2017,11,12,1.2
2017,11,13,26.2
2017,11,14,72.8
2017,11,15,0.0
2017,11,16,11.4
2017,11,17,42.4
2017,11,18,40.6
2017,11,19,0.4
2017,11,20,13.0
2017,11,21,
2017,11,22,0.0
2017,11,23,16.0
2017,11,24,5.0
2017,11,25,0.6
2017,11,26,11.4
2017,11,27,1.2
2017,11,28,2.0
2017,11,29,2.0
2017,11,30,0.0
2017,12,1,0.0
2017,12,2,0.0
2017,12,3,0.0
2017,12,4,1.0
2017,12,5,1.8
2017,12,6,0.4
2017,12,7,9.2
2017,12,8,0.0
2017,12,9,0.8
2017,12,10,52.4
2017,12,11,20.2
2017,12,12,5.6
2017,12,13,57.0
2017,12,14,1.4
2017,12,15,3.2
2017,12,16,19.0
2017,12,17,0.0
2017,12,18,0.0
2017,12,19,2.4
2017,12,20,0.0
2017,12,21,0.0
2017,12,22,28.6
2017,12,23,6.6
2017,12,24,0.6
2017,12,25,17.2
2017,12,26,6.8
2017,12,27,5.8
2017,12,28,9.8
2017,12,29,2.4
2017,12,30,10.0
2017,12,31,73.0
2018,1,1,91.6
2018,1,2,3.8
2018,1,3,0.4
2018,1,4,0.2
2018,1,5,7.4
2018,1,6,0.0
2018,1,7,1.4
2018,1,8,62.8
2018,1,9,13.0
2018,1,10,21.2
2018,1,11,14.2
2018,1,12,9.6
2018,1,13,16.8
2018,1,14,7.2
2018,1,15,0.8
2018,1,16,0.0
2018,1,17,0.0
2018,1,18,0.0
2018,1,19,32.8
2018,1,20,0.0
2018,1,21,1.4
2018,1,22,0.2
2018,1,23,9.2
2018,1,24,18.6
2018,1,25,13.6
2018,1,26,10.2
2018,1,27,0.2
2018,1,28,21.2
2018,1,29,0.0
2018,1,30,7.4
2018,1,31,7.0
2018,2,1,2.8
2018,2,2,6.4
2018,2,3,2.2
2018,2,4,0.2
2018,2,5,0.0
2018,2,6,0.0
2018,2,7,0.0
2018,2,8,0.0
2018,2,9,0.0
2018,2,10,0.0
2018,2,11,0.0
2018,2,12,0.0
2018,2,13,0.0
2018,2,14,0.0
2018,2,15,9.8
2018,2,16,0.0
2018,2,17,0.0
2018,2,18,0.0
2018,2,19,0.0
2018,2,20,0.0
2018,2,21,0.0
2018,2,22,0.0
2018,2,23,5.5
2018,2,24,2.5
2018,2,25,0.0
2018,2,26,0.0
2018,2,27,0.0
2018,2,28,49.0
2018,3,1,0.0
2018,3,2,52.2
2018,3,3,3.0
2018,3,4,21.6
2018,3,5,0.0
2018,3,6,2.2
2018,3,7,6.8
2018,3,8,0.2
2018,3,9,0.0
2018,3,10,12.2
2018,3,11,0.0
2018,3,12,0.0
2018,3,13,0.2
2018,3,14,0.0
2018,3,15,0.0
2018,3,16,0.0
2018,3,17,0.0
2018,3,18,0.0
2018,3,19,0.0
2018,3,20,9.0
2018,3,21,0.0
2018,3,22,0.0
2018,3,23,0.0
2018,3,24,0.0
2018,3,25,1.8
2018,3,26,0.0
2018,3,27,3.6
2018,3,28,3.6
2018,3,29,2.4
2018,3,30,9.4
2018,3,31,0.0
2018,4,1,37.8
2018,4,2,5.2
2018,4,3,0.0
2018,4,4,0.0
2018,4,5,0.0
2018,4,6,0.0
2018,4,7,1.6
2018,4,8,0.0
2018,4,9,0.0
2018,4,10,0.0
2018,4,11,0.0
2018,4,12,0.0
2018,4,13,0.0
2018,4,14,46.2
2018,4,15,10.0
2018,4,16,3.8
2018,4,17,0.0
2018,4,18,0.0
2018,4,19,7.0
2018,4,20,44.6
2018,4,21,1.8
2018,4,22,3.6
2018,4,23,58.8
2018,4,24,0.2
2018,4,25,0.0
2018,4,26,8.4
2018,4,27,12.4
2018,4,28,11.6
2018,4,29,0.0
2018,4,30,0.6
2018,5,1,16.0
2018,5,2,2.8
2018,5,3,55.0
2018,5,4,6.0
2018,5,5,27.6
2018,5,6,0.4
2018,5,7,0.0
2018,5,8,0.0
2018,5,9,0.0
2018,5,10,0.0
2018,5,11,0.4
2018,5,12,24.6
2018,5,13,10.0
2018,5,14,0.4
2018,5,15,4.0
2018,5,16,15.4
2018,5,17,10.6
2018,5,18,23.4
2018,5,19,3.2
2018,5,20,2.8
2018,5,21,0.4
2018,5,22,0.0
2018,5,23,6.0
2018,5,24,0.8
2018,5,25,3.8
2018,5,26,20.8
2018,5,27,1.8
2018,5,28,7.4
2018,5,29,11.6
2018,5,30,0.0
2018,5,31,0.0
2018,6,1,20.0
2018,6,2,63.2
2018,6,3,0.2
2018,6,4,0.0
2018,6,5,0.0
2018,6,6,0.0
2018,6,7,0.0
2018,6,8,9.8
2018,6,9,0.0
2018,6,10,0.0
2018,6,11,0.0
2018,6,12,0.0
2018,6,13,9.0
2018,6,14,2.8
2018,6,15,19.4
2018,6,16,0.0
2018,6,17,0.0
2018,6,18,12.4
2018,6,19,10.2
2018,6,20,5.2
2018,6,21,0.4
2018,6,22,0.0
2018,6,23,3.8
2018,6,24,0.2
2018,6,25,6.4
2018,6,26,7.2
2018,6,27,45.4
2018,6,28,0.8
2018,6,29,23.4
2018,6,30,0.0
2018,7,1,13.2
2018,7,2,0.2
2018,7,3,35.4
2018,7,4,0.2
2018,7,5,0.0
2018,7,6,0.0
2018,7,7,3.2
2018,7,8,0.0
2018,7,9,2.4
2018,7,10,7.6
2018,7,11,0.0
2018,7,12,0.0
2018,7,13,0.0
2018,7,14,0.2
2018,7,15,6.8
2018,7,16,0.0
2018,7,17,0.0
2018,7,18,0.0
2018,7,19,17.0
2018,7,20,4.8
2018,7,21,6.6
2018,7,22,8.2
2018,7,23,0.0
2018,7,24,0.0
2018,7,25,10.8
2018,7,26,0.0
2018,7,27,0.0
2018,7,28,0.0
2018,7,29,0.0
2018,7,30,22.8
2018,7,31,0.0
2018,8,1,0.4
2018,8,2,0.0
2018,8,3,0.0
2018,8,4,0.0
2018,8,5,1.0
2018,8,6,0.0
2018,8,7,0.0
2018,8,8,4.2
2018,8,9,0.0
2018,8,10,0.0
2018,8,11,0.0
2018,8,12,0.0
2018,8,13,0.0
2018,8,14,8.2
2018,8,15,0.0
2018,8,16,0.0
2018,8,17,0.2
2018,8,18,0.4
2018,8,19,1.4
2018,8,20,0.0
2018,8,21,0.0
2018,8,22,65.2
2018,8,23,0.4
2018,8,24,12.0
2018,8,25,0.0
2018,8,26,0.0
2018,8,27,0.0
2018,8,28,0.6
2018,8,29,0.4
2018,8,30,0.0
2018,8,31,28.0
2018,9,1,16.8
2018,9,2,0.8
2018,9,3,0.2
2018,9,4,47.2
2018,9,5,0.0
2018,9,6,0.0
2018,9,7,9.8
2018,9,8,9.4
2018,9,9,13.2
2018,9,10,1.6
2018,9,11,0.2
2018,9,12,0.0
2018,9,13,0.0
2018,9,14,0.0
2018,9,15,0.0
2018,9,16,0.0
2018,9,17,0.0
2018,9,18,0.6
2018,9,19,53.6
2018,9,20,15.8
2018,9,21,25.8
2018,9,22,0.6
2018,9,23,0.0
2018,9,24,0.0
2018,9,25,0.0
2018,9,26,10.0
2018,9,27,0.0
2018,9,28,0.0
2018,9,29,0.0
2018,9,30,0.0
2018,10,1,0.0
2018,10,2,0.0
2018,10,3,0.0
2018,10,4,0.0
2018,10,5,0.0
2018,10,6,5.6
2018,10,7,0.6
2018,10,8,50.8
2018,10,9,6.4
2018,10,10,41.4
2018,10,11,38.2
2018,10,12,5.2
2018,10,13,0.6
2018,10,14,7.0
2018,10,15,0.0
2018,10,16,18.2
2018,10,17,1.0
2018,10,18,0.4
2018,10,19,5.4
2018,10,20,0.0
2018,10,21,0.0
2018,10,22,0.0
2018,10,23,41.2
2018,10,24,2.8
2018,10,25,20.2
2018,10,26,14.0
2018,10,27,0.2
2018,10,28,20.4
2018,10,29,15.2
2018,10,30,20.4
2018,10,31,0.2
2018,11,1,3.4
2018,11,2,8.0
2018,11,3,37.0
2018,11,4,11.6
2018,11,5,7.6
2018,11,6,14.0
2018,11,7,3.2
2018,11,8,20.8
2018,11,9,9.0
2018,11,10,48.2
2018,11,11,10.6
2018,11,12,71.2
2018,11,13,1.4
2018,11,14,29.0
2018,11,15,22.0
2018,11,16,0.0
2018,11,17,14.8
2018,11,18,1.4
2018,11,19,23.6
2018,11,20,2.0
2018,11,21,17.2
2018,11,22,26.8
2018,11,23,1.0
2018,11,24,0.2
2018,11,25,7.6
2018,11,26,8.4
2018,11,27,0.2
2018,11,28,14.0
2018,11,29,8.0
2018,11,30,3.8
2018,12,1,36.4
2018,12,2,9.6
2018,12,3,3.6
2018,12,4,1.2
2018,12,5,14.2
2018,12,6,4.0
2018,12,7,1.2
2018,12,8,15.0
2018,12,9,0.2
2018,12,10,4.6
2018,12,11,19.4
2018,12,12,17.6
2018,12,13,0.0
2018,12,14,0.0
2018,12,15,36.2
2018,12,16,4.2
2018,12,17,0.8
2018,12,18,8.8
2018,12,19,10.4
2018,12,20,2.8
2018,12,21,0.2
2018,12,22,0.0
2018,12,23,10.2
2018,12,24,0.2
2018,12,25,0.0
2018,12,26,2.0
2018,12,27,0.0
2018,12,28,0.0
2018,12,29,0.4
2018,12,30,0.0
2018,12,31,16.8
2019,1,1,0.0
2019,1,2,0.0
2019,1,3,0.0
2019,1,4,0.0
2019,1,5,1.6
2019,1,6,0.0
2019,1,7,0.0
2019,1,8,3.0
2019,1,9,0.0
2019,1,10,0.0
2019,1,11,0.2
2019,1,12,7.6
2019,1,13,9.6
2019,1,14,0.0
2019,1,15,0.0
2019,1,16,0.0
2019,1,17,32.4
2019,1,18,54.0
2019,1,19,0.0
2019,1,20,1.4
2019,1,21,1.4
2019,1,22,0.0
2019,1,23,0.0
2019,1,24,0.2
2019,1,25,0.0
2019,1,26,0.0
2019,1,27,5.8
2019,1,28,0.4
2019,1,29,0.0
2019,1,30,0.0
2019,1,31,0.0
2019,2,1,0.0
2019,2,2,0.0
2019,2,3,0.0
2019,2,4,0.2
2019,2,5,0.0
2019,2,6,0.0
2019,2,7,14.8
2019,2,8,1.6
2019,2,9,0.0
2019,2,10,0.0
2019,2,11,0.0
2019,2,12,0.0
2019,2,13,0.0
2019,2,14,0.0
2019,2,15,0.0
2019,2,16,0.0
2019,2,17,12.4
2019,2,18,5.8
2019,2,19,13.4
2019,2,20,9.0
2019,2,21,0.0
2019,2,22,0.0
2019,2,23,0.0
2019,2,24,0.0
2019,2,25,0.0
2019,2,26,0.0
2019,2,27,0.6
2019,2,28,0.0
2019,3,1,0.0
2019,3,2,0.0
2019,3,3,0.0
2019,3,4,5.6
2019,3,5,2.0
2019,3,6,0.0
2019,3,7,0.0
2019,3,8,0.0
2019,3,9,0.0
2019,3,10,0.0
2019,3,11,62.0
2019,3,12,1.4
2019,3,13,0.0
2019,3,14,0.0
2019,3,15,0.0
2019,3,16,0.0
2019,3,17,0.0
2019,3,18,0.0
2019,3,19,0.0
2019,3,20,0.0
2019,3,21,79.2
2019,3,22,0.0
2019,3,23,1.6
2019,3,24,2.2
2019,3,25,2.6
2019,3,26,0.0
2019,3,27,0.0
2019,3,28,16.6
2019,3,29,0.0
2019,3,30,0.2
2019,3,31,0.0
2019,4,1,24.0
2019,4,2,0.0
2019,4,3,21.2
2019,4,4,2.4
2019,4,5,0.0
2019,4,6,0.0
2019,4,7,0.0
2019,4,8,0.0
2019,4,9,1.0
2019,4,10,0.8
2019,4,11,0.4
2019,4,12,6.4
2019,4,13,0.0
2019,4,14,7.4
2019,4,15,0.0
2019,4,16,1.2
2019,4,17,0.0
2019,4,18,0.4
2019,4,19,3.0
2019,4,20,0.0
2019,4,21,0.0
2019,4,22,1.8
2019,4,23,20.0
2019,4,24,9.4
2019,4,25,9.6
2019,4,26,46.6
2019,4,27,4.8
2019,4,28,0.0
2019,4,29,1.8
2019,4,30,0.2
2019,5,1,0.0
2019,5,2,0.0
2019,5,3,0.0
2019,5,4,0.2
2019,5,5,0.0
2019,5,6,0.0
2019,5,7,2.4
2019,5,8,49.4
2019,5,9,0.0
2019,5,10,8.2
2019,5,11,0.0
2019,5,12,0.0
2019,5,13,22.6
2019,5,14,13.4
2019,5,15,0.4
2019,5,16,23.8
2019,5,17,1.4
2019,5,18,0.0
2019,5,19,4.8
2019,5,20,0.4
2019,5,21,0.0
2019,5,22,0.4
2019,5,23,0.2
2019,5,24,0.0
2019,5,25,0.0
2019,5,26,0.0
2019,5,27,0.0
2019,5,28,0.0
2019,5,29,6.2
2019,5,30,9.4
2019,5,31,2.4
2019,6,1,0.4
2019,6,2,16.8
2019,6,3,21.0
2019,6,4,0.2
2019,6,5,0.0
2019,6,6,2.2
2019,6,7,13.4
2019,6,8,
2019,6,9,
2019,6,10,
2019,6,11,49.8
2019,6,12,13.2
2019,6,13,1.0
2019,6,14,1.0
2019,6,15,27.0
2019,6,16,0.0
2019,6,17,0.6
2019,6,18,3.0
2019,6,19,2.6
2019,6,20,12.6
2019,6,21,0.2
2019,6,22,37.4
2019,6,23,0.0
2019,6,24,0.0
2019,6,25,0.0
2019,6,26,2.6
2019,6,27,0.0
2019,6,28,0.0
2019,6,29,0.4
2019,6,30,0.0
2019,7,1,0.0
2019,7,2,0.0
2019,7,3,25.6
2019,7,4,0.0
2019,7,5,0.0
2019,7,6,5.0
2019,7,7,8.8
2019,7,8,51.6
2019,7,9,19.2
2019,7,10,0.0
2019,7,11,0.0
2019,7,12,0.0
2019,7,13,0.0
2019,7,14,0.0
2019,7,15,2.2
2019,7,16,0.0
2019,7,17,0.0
2019,7,18,0.0
2019,7,19,0.0
2019,7,20,0.0
2019,7,21,6.2
2019,7,22,36.8
2019,7,23,3.4
2019,7,24,3.8
2019,7,25,0.0
2019,7,26,0.0
2019,7,27,0.0
2019,7,28,0.0
2019,7,29,0.0
2019,7,30,0.0
2019,7,31,0.0
2019,8,1,0.0
2019,8,2,0.0
2019,8,3,0.0
2019,8,4,0.0
2019,8,5,0.0
2019,8,6,0.0
2019,8,7,0.0
2019,8,8,0.0
2019,8,9,0.0
2019,8,10,0.0
2019,8,11,0.0
2019,8,12,0.0
2019,8,13,0.0
2019,8,14,0.0
2019,8,15,0.0
2019,8,16,0.0
2019,8,17,0.2
2019,8,18,0.0
2019,8,19,0.0
2019,8,20,0.0
2019,8,21,0.0
2019,8,22,0.0
2019,8,23,0.0
2019,8,24,0.0
2019,8,25,0.0
2019,8,26,16.8
2019,8,27,0.2
2019,8,28,0.0
2019,8,29,0.0
2019,8,30,4.2
2019,8,31,0.0
2019,9,1,0.0
2019,9,2,0.0
2019,9,3,0.0
2019,9,4,11.2
2019,9,5,0.0
2019,9,6,0.0
2019,9,7,0.0
2019,9,8,0.0
2019,9,9,0.0
2019,9,10,0.0
2019,9,11,0.0
2019,9,12,0.0
2019,9,13,0.0
2019,9,14,5.8
2019,9,15,0.0
2019,9,16,0.0
2019,9,17,0.0
2019,9,18,0.0
2019,9,19,0.0
2019,9,20,0.0
2019,9,21,0.0
2019,9,22,0.0
2019,9,23,0.0
2019,9,24,0.0
2019,9,25,58.2
2019,9,26,0.0
2019,9,27,2.4
2019,9,28,4.8
2019,9,29,17.8
2019,9,30,29.6
2019,10,1,0.2
2019,10,2,2.6
2019,10,3,0.0
2019,10,4,10.2
2019,10,5,1.8
2019,10,6,0.0
2019,10,7,1.6
2019,10,8,0.0
2019,10,9,48.6
2019,10,10,10.2
2019,10,11,0.2
2019,10,12,13.6
2019,10,13,0.6
2019,10,14,0.0
2019,10,15,6.2
2019,10,16,13.8
2019,10,17,7.2
2019,10,18,6.0
2019,10,19,0.0
2019,10,20,0.0
2019,10,21,46.6
2019,10,22,47.8
2019,10,23,6.4
2019,10,24,0.2
2019,10,25,0.0
2019,10,26,6.0
2019,10,27,4.4
2019,10,28,3.0
2019,10,29,0.0
2019,10,30,1.6
2019,10,31,0.4
2019,11,1,1.4
2019,11,2,1.8
2019,11,3,6.2
2019,11,4,11.8
2019,11,5,1.6
2019,11,6,0.0
2019,11,7,0.0
2019,11,8,6.6
2019,11,9,0.0
2019,11,10,0.0
2019,11,11,0.2
2019,11,12,10.8
2019,11,13,7.2
2019,11,14,0.0
2019,11,15,4.6
2019,11,16,6.6
2019,11,17,0.0
2019,11,18,2.0
2019,11,19,0.4
2019,11,20,4.8
2019,11,21,0.4
2019,11,22,0.6
2019,11,23,0.0
2019,11,24,38.4
2019,11,25,1.2
2019,11,26,0.2
2019,11,27,0.0
2019,11,28,36.4
2019,11,29,49.0
2019,11,30,1.0
