year,month,day,Daily Rainfall Total (mm)
2009,6,1,0.2
2009,6,2,5.8
2009,6,3,3.4
2009,6,4,0.0
2009,6,5,0.0
2009,6,6,0.0
2009,6,7,1.2
2009,6,8,0.0
2009,6,9,0.0
2009,6,10,0.0
2009,6,11,0.0
2009,6,12,0.0
2009,6,13,1.2
2009,6,14,5.4
2009,6,15,5.0
2009,6,16,0.0
2009,6,17,0.0
2009,6,18,0.0
2009,6,19,0.0
2009,6,20,0.0
2009,6,21,0.0
2009,6,22,0.0
2009,6,23,0.0
2009,6,24,2.4
2009,6,25,0.0
2009,6,26,0.0
2009,6,27,0.0
2009,6,28,0.0
2009,6,29,3.0
2009,6,30,0.0
2009,7,1,0.0
2009,7,2,0.8
2009,7,3,0.0
2009,7,4,3.8
2009,7,5,18.8
2009,7,6,8.4
2009,7,7,2.6
2009,7,8,10.8
2009,7,9,0.0
2009,7,10,5.8
2009,7,11,15.0
2009,7,12,0.0
2009,7,13,0.0
2009,7,14,6.2
2009,7,15,4.8
2009,7,16,0.0
2009,7,17,0.0
2009,7,18,0.0
2009,7,19,16.8
2009,7,20,0.0
2009,7,21,1.8
2009,7,22,19.8
2009,7,23,29.2
2009,7,24,0.0
2009,7,25,0.0
2009,7,26,0.0
2009,7,27,25.4
2009,7,28,0.2
2009,7,29,0.0
2009,7,30,0.0
2009,7,31,0.0
2009,8,1,0.0
2009,8,2,0.0
2009,8,3,0.0
2009,8,4,0.0
2009,8,5,0.2
2009,8,6,0.0
2009,8,7,0.0
2009,8,8,0.0
2009,8,9,24.6
2009,8,10,1.0
2009,8,11,0.0
2009,8,12,0.0
2009,8,13,0.0
2009,8,14,0.2
2009,8,15,2.0
2009,8,16,0.0
2009,8,17,0.0
2009,8,18,0.0
2009,8,19,1.2
2009,8,20,0.0
2009,8,21,15.2
2009,8,22,22.4
2009,8,23,18.0
2009,8,24,7.0
2009,8,25,0.2
2009,8,26,38.6
2009,8,27,25.2
2009,8,28,0.6
2009,8,29,0.2
2009,8,30,14.2
2009,8,31,0.0
2009,9,1,3.6
2009,9,2,0.0
2009,9,3,0.0
2009,9,4,0.0
2009,9,5,0.0
2009,9,6,0.6
2009,9,7,0.0
2009,9,8,0.0
2009,9,9,0.0
2009,9,10,0.0
2009,9,11,9.8
2009,9,12,0.0
2009,9,13,27.8
2009,9,14,0.0
2009,9,15,0.0
2009,9,16,13.8
2009,9,17,0.0
2009,9,18,15.6
2009,9,19,18.4
2009,9,20,0.0
2009,9,21,7.6
2009,9,22,0.4
2009,9,23,0.0
2009,9,24,0.4
2009,9,25,0.0
2009,9,26,0.0
2009,9,27,0.0
2009,9,28,8.2
2009,9,29,1.8
2009,9,30,0.0
2009,10,1,1.0
2009,10,2,0.0
2009,10,3,2.0
2009,10,4,0.0
2009,10,5,8.6
2009,10,6,1.4
2009,10,7,0.0
2009,10,8,22.0
2009,10,9,0.0
2009,10,10,9.2
2009,10,11,0.0
2009,10,12,5.4
2009,10,13,0.0
2009,10,14,17.2
2009,10,15,0.2
2009,10,16,0.0
2009,10,17,0.0
2009,10,18,1.0
2009,10,19,0.0
2009,10,20,0.0
2009,10,21,0.0
2009,10,22,0.0
2009,10,23,0.0
2009,10,24,0.0
2009,10,25,0.6
2009,10,26,0.0
2009,10,27,0.0
2009,10,28,1.6
2009,10,29,0.0
2009,10,30,17.8
2009,10,31,14.8
2009,11,1,0.0
2009,11,2,0.8
2009,11,3,1.2
2009,11,4,24.4
2009,11,5,58.8
2009,11,6,0.6
2009,11,7,0.0
2009,11,8,0.0
2009,11,9,1.4
2009,11,10,0.0
2009,11,11,0.2
2009,11,12,4.0
2009,11,13,15.4
2009,11,14,0.0
2009,11,15,5.0
2009,11,16,7.6
2009,11,17,9.8
2009,11,18,28.2
2009,11,19,99.8
2009,11,20,41.8
2009,11,21,0.6
2009,11,22,0.0
2009,11,23,0.6
2009,11,24,0.0
2009,11,25,0.0
2009,11,26,0.4
2009,11,27,27.6
2009,11,28,10.0
2009,11,29,0.8
2009,11,30,0.0
2009,12,1,5.8
2009,12,2,8.6
2009,12,3,0.0
2009,12,4,68.6
2009,12,5,3.8
2009,12,6,0.2
2009,12,7,0.0
2009,12,8,0.0
2009,12,9,0.0
2009,12,10,0.0
2009,12,11,0.0
2009,12,12,0.0
2009,12,13,0.0
2009,12,14,0.0
2009,12,15,18.6
2009,12,16,5.0
2009,12,17,14.8
2009,12,18,6.0
2009,12,19,36.2
2009,12,20,2.2
2009,12,21,4.0
2009,12,22,4.4
2009,12,23,1.8
2009,12,24,26.2
2009,12,25,0.0
2009,12,26,56.4
2009,12,27,1.2
2009,12,28,0.0
2009,12,29,0.0
2009,12,30,0.0
2009,12,31,0.0
2010,1,1,0.0
2010,1,2,1.4
2010,1,3,0.0
2010,1,4,0.4
2010,1,5,0.0
2010,1,6,4.2
2010,1,7,19.0
2010,1,8,0.0
2010,1,9,0.0
2010,1,10,0.0
2010,1,11,0.0
2010,1,12,0.2
2010,1,13,0.2
2010,1,14,0.0
2010,1,15,0.0
2010,1,16,0.0
2010,1,17,0.0
2010,1,18,0.4
2010,1,19,12.0
2010,1,20,0.0
2010,1,21,0.0
2010,1,22,11.8
2010,1,23,0.0
2010,1,24,0.0
2010,1,25,0.0
2010,1,26,0.0
2010,1,27,0.0
2010,1,28,0.0
2010,1,29,0.0
2010,1,30,0.0
2010,1,31,0.0
2010,2,1,0.0
2010,2,2,0.0
2010,2,3,0.0
2010,2,4,0.0
2010,2,5,0.0
2010,2,6,0.0
2010,2,7,0.0
2010,2,8,0.0
2010,2,9,0.0
2010,2,10,0.0
2010,2,11,0.2
2010,2,12,0.0
2010,2,13,0.0
2010,2,14,0.0
2010,2,15,0.0
2010,2,16,1.0
2010,2,17,0.0
2010,2,18,0.0
2010,2,19,0.0
2010,2,20,0.0
2010,2,21,0.0
2010,2,22,0.0
2010,2,23,0.0
2010,2,24,0.0
2010,2,25,0.0
2010,2,26,0.0
2010,2,27,0.0
2010,2,28,0.0
2010,3,1,0.0
2010,3,2,0.0
2010,3,3,0.0
2010,3,4,2.8
2010,3,5,0.0
2010,3,6,0.0
2010,3,7,0.0
2010,3,8,0.0
2010,3,9,11.2
2010,3,10,10.0
2010,3,11,0.0
2010,3,12,0.0
2010,3,13,2.6
2010,3,14,0.4
2010,3,15,0.0
2010,3,16,0.0
2010,3,17,0.0
2010,3,18,50.4
2010,3,19,10.0
2010,3,20,17.4
2010,3,21,0.6
2010,3,22,0.0
2010,3,23,46.2
2010,3,24,18.6
2010,3,25,27.0
2010,3,26,13.4
2010,3,27,0.0
2010,3,28,0.0
2010,3,29,4.4
2010,3,30,0.0
2010,3,31,31.8
2010,4,1,3.8
2010,4,2,0.0
2010,4,3,10.6
2010,4,4,8.4
2010,4,5,0.0
2010,4,6,0.0
2010,4,7,0.0
2010,4,8,0.0
2010,4,9,0.0
2010,4,10,0.2
2010,4,11,2.0
2010,4,12,0.0
2010,4,13,17.2
2010,4,14,0.0
2010,4,15,35.2
2010,4,16,3.2
2010,4,17,17.4
2010,4,18,5.4
2010,4,19,54.4
2010,4,20,8.4
2010,4,21,9.2
2010,4,22,3.0
2010,4,23,0.0
2010,4,24,0.0
2010,4,25,18.4
2010,4,26,2.2
2010,4,27,0.0
2010,4,28,0.0
2010,4,29,0.0
2010,4,30,0.0
2010,5,1,0.0
2010,5,2,0.0
2010,5,3,10.2
2010,5,4,0.0
2010,5,5,0.0
2010,5,6,0.0
2010,5,7,0.0
2010,5,8,12.2
2010,5,9,31.0
2010,5,10,5.8
2010,5,11,0.0
2010,5,12,35.0
2010,5,13,3.8
2010,5,14,5.2
2010,5,15,0.0
2010,5,16,59.6
2010,5,17,2.0
2010,5,18,2.8
2010,5,19,3.2
2010,5,20,0.4
2010,5,21,0.2
2010,5,22,0.8
2010,5,23,0.0
2010,5,24,0.0
2010,5,25,0.0
2010,5,26,0.0
2010,5,27,0.0
2010,5,28,0.0
2010,5,29,0.0
2010,5,30,0.0
2010,5,31,8.6
2010,6,1,30.6
2010,6,2,0.2
2010,6,3,0.8
2010,6,4,0.0
2010,6,5,0.2
2010,6,6,6.0
2010,6,7,6.0
2010,6,8,2.0
2010,6,9,0.2
2010,6,10,1.6
2010,6,11,1.2
2010,6,12,0.0
2010,6,13,0.4
2010,6,14,1.4
2010,6,15,32.6
2010,6,16,51.8
2010,6,17,0.0
2010,6,18,2.0
2010,6,19,0.2
2010,6,20,0.0
2010,6,21,0.0
2010,6,22,1.2
2010,6,23,11.6
2010,6,24,10.8
2010,6,25,70.6
2010,6,26,0.0
2010,6,27,55.0
2010,6,28,7.8
2010,6,29,0.0
2010,6,30,0.4
2010,7,1,2.2
2010,7,2,55.6
2010,7,3,2.8
2010,7,4,0.2
2010,7,5,0.0
2010,7,6,0.0
2010,7,7,0.0
2010,7,8,0.2
2010,7,9,0.0
2010,7,10,0.0
2010,7,11,0.0
2010,7,12,3.8
2010,7,13,0.0
2010,7,14,0.0
2010,7,15,0.0
2010,7,16,173.2
2010,7,17,6.2
2010,7,18,3.8
2010,7,19,0.0
2010,7,20,0.6
2010,7,21,8.4
2010,7,22,3.8
2010,7,23,0.0
2010,7,24,0.0
2010,7,25,3.0
2010,7,26,1.4
2010,7,27,0.0
2010,7,28,3.8
2010,7,29,0.6
2010,7,30,18.6
2010,7,31,48.6
2010,8,1,2.0
2010,8,2,0.0
2010,8,3,0.0
2010,8,4,13.0
2010,8,5,0.0
2010,8,6,0.0
2010,8,7,0.2
2010,8,8,0.0
2010,8,9,1.2
2010,8,10,7.0
2010,8,11,1.6
2010,8,12,0.0
2010,8,13,0.2
2010,8,14,0.2
2010,8,15,0.6
2010,8,16,9.2
2010,8,17,0.0
2010,8,18,43.5
2010,8,19,38.4
2010,8,20,4.4
2010,8,21,0.0
2010,8,22,0.0
2010,8,23,3.0
2010,8,24,0.0
2010,8,25,0.0
2010,8,26,0.0
2010,8,27,0.0
2010,8,28,0.0
2010,8,29,4.6
2010,8,30,0.2
2010,8,31,0.0
2010,9,1,0.0
2010,9,2,0.0
2010,9,3,0.0
2010,9,4,38.2
2010,9,5,6.2
2010,9,6,3.8
2010,9,7,0.0
2010,9,8,9.8
2010,9,9,0.0
2010,9,10,1.6
2010,9,11,0.0
2010,9,12,0.0
2010,9,13,3.2
2010,9,14,1.6
2010,9,15,12.0
2010,9,16,1.6
2010,9,17,24.2
2010,9,18,0.0
2010,9,19,0.0
2010,9,20,0.0
2010,9,21,0.0
2010,9,22,5.8
2010,9,23,16.0
2010,9,24,4.2
2010,9,25,11.2
2010,9,26,0.0
2010,9,27,16.4
2010,9,28,0.0
2010,9,29,0.0
2010,9,30,34.0
2010,10,1,0.0
2010,10,2,29.2
2010,10,3,0.0
2010,10,4,2.0
2010,10,5,0.0
2010,10,6,0.0
2010,10,7,0.0
2010,10,8,0.2
2010,10,9,0.2
2010,10,10,0.0
2010,10,11,0.0
2010,10,12,6.6
2010,10,13,0.4
2010,10,14,0.0
2010,10,15,0.0
2010,10,16,0.0
2010,10,17,0.0
2010,10,18,2.6
2010,10,19,10.6
2010,10,20,9.0
2010,10,21,0.0
2010,10,22,47.4
2010,10,23,8.0
2010,10,24,0.6
2010,10,25,12.6
2010,10,26,11.8
2010,10,27,0.0
2010,10,28,1.6
2010,10,29,24.4
2010,10,30,5.6
2010,10,31,2.2
2010,11,1,6.6
2010,11,2,11.8
2010,11,3,0.0
2010,11,4,0.0
2010,11,5,7.0
2010,11,6,4.0
2010,11,7,6.0
2010,11,8,3.8
2010,11,9,1.0
2010,11,10,0.0
2010,11,11,5.8
2010,11,12,0.0
2010,11,13,3.4
2010,11,14,22.2
2010,11,15,0.0
2010,11,16,28.2
2010,11,17,1.2
2010,11,18,0.0
2010,11,19,0.0
2010,11,20,48.2
2010,11,21,0.0
2010,11,22,0.0
2010,11,23,0.4
2010,11,24,19.6
2010,11,25,42.6
2010,11,26,0.0
2010,11,27,0.6
2010,11,28,0.2
2010,11,29,19.6
2010,11,30,28.2
2010,12,1,0.0
2010,12,2,59.0
2010,12,3,7.2
2010,12,4,3.6
2010,12,5,0.0
2010,12,6,4.2
2010,12,7,3.8
2010,12,8,0.0
2010,12,9,0.0
2010,12,10,0.0
2010,12,11,0.4
2010,12,12,0.0
2010,12,13,5.2
2010,12,14,0.8
2010,12,15,9.2
2010,12,16,0.8
2010,12,17,0.2
2010,12,18,3.8
2010,12,19,0.2
2010,12,20,0.0
2010,12,21,0.0
2010,12,22,0.4
2010,12,23,0.0
2010,12,24,0.0
2010,12,25,23.4
2010,12,26,0.2
2010,12,27,1.8
2010,12,28,1.2
2010,12,29,0.0
2010,12,30,0.0
2010,12,31,3.8
2011,1,1,0.2
2011,1,2,0.0
2011,1,3,39.8
2011,1,4,2.2
2011,1,5,80.0
2011,1,6,25.2
2011,1,7,0.2
2011,1,8,0.4
2011,1,9,0.4
2011,1,10,25.4
2011,1,11,0.4
2011,1,12,10.0
2011,1,13,0.0
2011,1,14,36.0
2011,1,15,4.2
2011,1,16,0.0
2011,1,17,9.6
2011,1,18,0.0
2011,1,19,0.0
2011,1,20,1.4
2011,1,21,0.0
2011,1,22,0.0
2011,1,23,0.0
2011,1,24,0.0
2011,1,25,19.2
2011,1,26,19.8
2011,1,27,0.0
2011,1,28,11.8
2011,1,29,57.8
2011,1,30,141.6
2011,1,31,28.6
2011,2,1,1.0
2011,2,2,0.2
2011,2,3,2.2
2011,2,4,0.0
2011,2,5,0.0
2011,2,6,0.0
2011,2,7,0.0
2011,2,8,0.6
2011,2,9,0.0
2011,2,10,0.0
2011,2,11,0.2
2011,2,12,0.0
2011,2,13,0.0
2011,2,14,0.0
2011,2,15,0.0
2011,2,16,0.0
2011,2,17,0.0
2011,2,18,2.8
2011,2,19,0.6
2011,2,20,0.0
2011,2,21,0.0
2011,2,22,0.2
2011,2,23,3.4
2011,2,24,29.0
2011,2,25,1.6
2011,2,26,0.0
2011,2,27,0.0
2011,2,28,0.0
2011,3,1,0.0
2011,3,2,0.0
2011,3,3,17.8
2011,3,4,8.0
2011,3,5,6.8
2011,3,6,0.4
2011,3,7,23.6
2011,3,8,0.4
2011,3,9,0.0
2011,3,10,25.2
2011,3,11,0.2
2011,3,12,14.8
2011,3,13,0.2
2011,3,14,5.0
2011,3,15,18.2
2011,3,16,11.8
2011,3,17,4.4
2011,3,18,0.0
2011,3,19,14.8
2011,3,20,42.6
2011,3,21,10.4
2011,3,22,0.4
2011,3,23,0.2
2011,3,24,0.2
2011,3,25,0.0
2011,3,26,0.0
2011,3,27,8.6
2011,3,28,14.6
2011,3,29,0.0
2011,3,30,0.0
2011,3,31,0.0
2011,4,1,0.8
2011,4,2,0.2
2011,4,3,7.6
2011,4,4,0.4
2011,4,5,13.6
2011,4,6,0.6
2011,4,7,0.0
2011,4,8,0.0
2011,4,9,36.8
2011,4,10,21.8
2011,4,11,0.0
2011,4,12,0.0
2011,4,13,0.0
2011,4,14,32.0
2011,4,15,0.0
2011,4,16,6.6
2011,4,17,0.8
2011,4,18,0.0
2011,4,19,0.0
2011,4,20,4.8
2011,4,21,0.2
2011,4,22,0.0
2011,4,23,0.0
2011,4,24,0.0
2011,4,25,0.0
2011,4,26,0.0
2011,4,27,0.0
2011,4,28,0.0
2011,4,29,2.2
2011,4,30,2.6
2011,5,1,2.0
2011,5,2,0.8
2011,5,3,25.8
2011,5,4,27.6
2011,5,5,0.0
2011,5,6,0.0
2011,5,7,0.0
2011,5,8,0.0
2011,5,9,0.0
2011,5,10,11.8
2011,5,11,5.0
2011,5,12,21.6
2011,5,13,18.6
2011,5,14,11.6
2011,5,15,0.0
2011,5,16,0.0
2011,5,17,0.0
2011,5,18,0.0
2011,5,19,0.0
2011,5,20,0.4
2011,5,21,0.8
2011,5,22,6.6
2011,5,23,0.0
2011,5,24,0.0
2011,5,25,12.0
2011,5,26,0.0
2011,5,27,2.2
2011,5,28,1.6
2011,5,29,0.0
2011,5,30,0.0
2011,5,31,2.4
2011,6,1,0.2
2011,6,2,0.2
2011,6,3,0.0
2011,6,4,74.4
2011,6,5,59.6
2011,6,6,4.0
2011,6,7,0.0
2011,6,8,2.0
2011,6,9,0.2
2011,6,10,0.2
2011,6,11,17.2
2011,6,12,0.0
2011,6,13,3.8
2011,6,14,0.0
2011,6,15,16.6
2011,6,16,0.0
2011,6,17,4.6
2011,6,18,0.0
2011,6,19,0.0
2011,6,20,0.0
2011,6,21,0.0
2011,6,22,15.2
2011,6,23,0.2
2011,6,24,0.0
2011,6,25,0.0
2011,6,26,0.0
2011,6,27,0.0
2011,6,28,0.0
2011,6,29,15.6
2011,6,30,29.8
2011,7,1,0.0
2011,7,2,0.0
2011,7,3,0.0
2011,7,4,0.0
2011,7,5,0.0
2011,7,6,0.0
2011,7,7,0.0
2011,7,8,0.0
2011,7,9,0.0
2011,7,10,0.4
2011,7,11,18.2
2011,7,12,0.0
2011,7,13,0.0
2011,7,14,0.0
2011,7,15,8.6
2011,7,16,0.0
2011,7,17,11.6
2011,7,18,1.0
2011,7,19,0.0
2011,7,20,0.0
2011,7,21,0.0
2011,7,22,21.6
2011,7,23,0.0
2011,7,24,0.0
2011,7,25,0.0
2011,7,26,0.4
2011,7,27,10.8
2011,7,28,0.0
2011,7,29,0.2
2011,7,30,0.0
2011,7,31,0.0
2011,8,1,0.0
2011,8,2,0.0
2011,8,3,0.0
2011,8,4,6.4
2011,8,5,0.0
2011,8,6,0.0
2011,8,7,12.0
2011,8,8,0.0
2011,8,9,0.0
2011,8,10,0.0
2011,8,11,0.0
2011,8,12,0.0
2011,8,13,0.0
2011,8,14,0.0
2011,8,15,19.6
2011,8,16,0.0
2011,8,17,0.0
2011,8,18,0.0
2011,8,19,0.0
2011,8,20,0.0
2011,8,21,0.0
2011,8,22,1.8
2011,8,23,0.6
2011,8,24,0.0
2011,8,25,30.4
2011,8,26,1.2
2011,8,27,9.8
2011,8,28,0.0
2011,8,29,1.2
2011,8,30,0.8
2011,8,31,0.0
2011,9,1,0.0
2011,9,2,0.0
2011,9,3,0.0
2011,9,4,0.6
2011,9,5,1.2
2011,9,6,2.6
2011,9,7,0.0
2011,9,8,0.0
2011,9,9,0.0
2011,9,10,5.8
2011,9,11,14.4
2011,9,12,0.2
2011,9,13,2.2
2011,9,14,13.8
2011,9,15,0.0
2011,9,16,0.0
2011,9,17,0.0
2011,9,18,0.0
2011,9,19,24.0
2011,9,20,23.4
2011,9,21,1.8
2011,9,22,1.8
2011,9,23,0.0
2011,9,24,0.0
2011,9,25,49.4
2011,9,26,0.0
2011,9,27,14.6
2011,9,28,0.0
2011,9,29,17.4
2011,9,30,7.8
2011,10,1,5.4
2011,10,2,0.2
2011,10,3,27.2
2011,10,4,9.6
2011,10,5,0.0
2011,10,6,8.6
2011,10,7,15.6
2011,10,8,23.8
2011,10,9,0.0
2011,10,10,23.2
2011,10,11,8.0
2011,10,12,10.6
2011,10,13,0.0
2011,10,14,0.0
2011,10,15,0.0
2011,10,16,0.0
2011,10,17,2.4
2011,10,18,0.2
2011,10,19,26.2
2011,10,20,13.4
2011,10,21,15.0
2011,10,22,22.2
2011,10,23,0.0
2011,10,24,0.0
2011,10,25,2.0
2011,10,26,55.8
2011,10,27,25.0
2011,10,28,3.8
2011,10,29,1.2
2011,10,30,0.0
2011,10,31,35.2
2011,11,1,0.0
2011,11,2,0.2
2011,11,3,1.6
2011,11,4,1.8
2011,11,5,38.8
2011,11,6,0.0
2011,11,7,5.8
2011,11,8,1.0
2011,11,9,0.0
2011,11,10,26.0
2011,11,11,10.0
2011,11,12,42.6
2011,11,13,27.4
2011,11,14,5.2
2011,11,15,0.0
2011,11,16,39.2
2011,11,17,6.2
2011,11,18,6.6
2011,11,19,29.4
2011,11,20,7.4
2011,11,21,5.6
2011,11,22,0.0
2011,11,23,67.6
2011,11,24,11.6
2011,11,25,0.6
2011,11,26,1.0
2011,11,27,0.0
2011,11,28,62.6
2011,11,29,0.0
2011,11,30,4.2
2011,12,1,3.8
2011,12,2,29.6
2011,12,3,24.8
2011,12,4,43.8
2011,12,5,0.0
2011,12,6,0.0
2011,12,7,12.4
2011,12,8,0.6
2011,12,9,49.6
2011,12,10,1.4
2011,12,11,7.0
2011,12,12,0.2
2011,12,13,0.0
2011,12,14,1.2
2011,12,15,0.0
2011,12,16,47.0
2011,12,17,5.0
2011,12,18,75.8
2011,12,19,42.4
2011,12,20,3.0
2011,12,21,0.0
2011,12,22,1.6
2011,12,23,2.2
2011,12,24,3.4
2011,12,25,0.4
2011,12,26,0.8
2011,12,27,0.4
2011,12,28,0.2
2011,12,29,1.8
2011,12,30,0.0
2011,12,31,0.0
2012,1,1,6.6
2012,1,2,0.0
2012,1,3,0.0
2012,1,4,0.0
2012,1,5,0.0
2012,1,6,0.0
2012,1,7,3.0
2012,1,8,21.2
2012,1,9,1.8
2012,1,10,4.0
2012,1,11,0.4
2012,1,12,0.0
2012,1,13,0.0
2012,1,14,19.0
2012,1,15,0.0
2012,1,16,0.0
2012,1,17,15.8
2012,1,18,0.4
2012,1,19,0.0
2012,1,20,43.0
2012,1,21,61.4
2012,1,22,35.2
2012,1,23,4.4
2012,1,24,0.0
2012,1,25,0.0
2012,1,26,0.0
2012,1,27,0.2
2012,1,28,0.0
2012,1,29,0.0
2012,1,30,0.0
2012,1,31,43.0
2012,2,1,0.0
2012,2,2,53.2
2012,2,3,0.2
2012,2,4,0.0
2012,2,5,0.0
2012,2,6,0.0
2012,2,7,0.0
2012,2,8,0.0
2012,2,9,0.0
2012,2,10,0.0
2012,2,11,0.0
2012,2,12,0.8
2012,2,13,1.2
2012,2,14,0.0
2012,2,15,0.6
2012,2,16,5.4
2012,2,17,18.0
2012,2,18,8.4
2012,2,19,0.0
2012,2,20,8.8
2012,2,21,4.2
2012,2,22,0.6
2012,2,23,0.2
2012,2,24,0.6
2012,2,25,0.0
2012,2,26,1.4
2012,2,27,0.4
2012,2,28,0.0
2012,2,29,0.0
2012,3,1,14.0
2012,3,2,9.6
2012,3,3,0.0
2012,3,4,0.0
2012,3,5,29.8
2012,3,6,0.0
2012,3,7,0.0
2012,3,8,7.4
2012,3,9,0.2
2012,3,10,16.4
2012,3,11,14.6
2012,3,12,0.0
2012,3,13,53.2
2012,3,14,9.6
2012,3,15,0.0
2012,3,16,0.0
2012,3,17,1.8
2012,3,18,15.6
2012,3,19,0.2
2012,3,20,0.0
2012,3,21,3.0
2012,3,22,10.8
2012,3,23,0.0
2012,3,24,0.0
2012,3,25,6.0
2012,3,26,0.2
2012,3,27,43.4
2012,3,28,0.0
2012,3,29,1.2
2012,3,30,32.2
2012,3,31,5.6
2012,4,1,45.6
2012,4,2,2.2
2012,4,3,71.2
2012,4,4,2.2
2012,4,5,0.2
2012,4,6,3.8
2012,4,7,0.0
2012,4,8,7.0
2012,4,9,0.0
2012,4,10,85.2
2012,4,11,11.8
2012,4,12,0.0
2012,4,13,0.0
2012,4,14,3.0
2012,4,15,1.6
2012,4,16,0.0
2012,4,17,0.0
2012,4,18,0.0
2012,4,19,70.6
2012,4,20,0.0
2012,4,21,15.6
2012,4,22,0.2
2012,4,23,0.0
2012,4,24,1.2
2012,4,25,0.0
2012,4,26,3.0
2012,4,27,0.0
2012,4,28,2.8
2012,4,29,8.0
2012,4,30,0.2
2012,5,1,5.0
2012,5,2,0.4
2012,5,3,0.0
2012,5,4,36.0
2012,5,5,0.0
2012,5,6,8.0
2012,5,7,1.2
2012,5,8,15.4
2012,5,9,0.0
2012,5,10,0.4
2012,5,11,2.2
2012,5,12,7.0
2012,5,13,0.2
2012,5,14,0.0
2012,5,15,19.8
2012,5,16,30.4
2012,5,17,1.2
2012,5,18,0.0
2012,5,19,0.0
2012,5,20,0.6
2012,5,21,0.0
2012,5,22,37.0
2012,5,23,0.8
2012,5,24,5.2
2012,5,25,0.0
2012,5,26,37.6
2012,5,27,0.0
2012,5,28,0.0
2012,5,29,0.0
2012,5,30,5.6
2012,5,31,16.8
2012,6,1,0.2
2012,6,2,0.0
2012,6,3,0.0
2012,6,4,0.6
2012,6,5,1.8
2012,6,6,0.0
2012,6,7,0.2
2012,6,8,34.8
2012,6,9,1.0
2012,6,10,0.0
2012,6,11,0.0
2012,6,12,0.0
2012,6,13,0.0
2012,6,14,0.0
2012,6,15,0.0
2012,6,16,0.0
2012,6,17,0.0
2012,6,18,0.0
2012,6,19,0.0
2012,6,20,0.0
2012,6,21,0.0
2012,6,22,0.0
2012,6,23,0.0
2012,6,24,0.0
2012,6,25,0.0
2012,6,26,0.0
2012,6,27,0.0
2012,6,28,0.0
2012,6,29,0.0
2012,6,30,0.0
2012,7,1,0.4
2012,7,2,1.6
2012,7,3,9.2
2012,7,4,46.2
2012,7,5,10.2
2012,7,6,0.2
2012,7,7,13.0
2012,7,8,1.0
2012,7,9,0.0
2012,7,10,6.6
2012,7,11,5.8
2012,7,12,0.0
2012,7,13,0.6
2012,7,14,6.6
2012,7,15,0.0
2012,7,16,5.0
2012,7,17,0.2
2012,7,18,0.0
2012,7,19,10.0
2012,7,20,0.0
2012,7,21,0.0
2012,7,22,0.0
2012,7,23,0.0
2012,7,24,0.0
2012,7,25,0.0
2012,7,26,0.0
2012,7,27,0.0
2012,7,28,0.0
2012,7,29,0.0
2012,7,30,0.0
2012,7,31,0.0
2012,8,1,1.2
2012,8,2,0.0
2012,8,3,6.8
2012,8,4,0.2
2012,8,5,0.0
2012,8,6,0.0
2012,8,7,0.0
2012,8,8,0.0
2012,8,9,0.0
2012,8,10,0.0
2012,8,11,0.0
2012,8,12,0.0
2012,8,13,0.0
2012,8,14,0.0
2012,8,15,0.0
2012,8,16,1.6
2012,8,17,1.2
2012,8,18,0.0
2012,8,19,0.0
2012,8,20,0.0
2012,8,21,6.0
2012,8,22,0.0
2012,8,23,1.0
2012,8,24,0.0
2012,8,25,0.0
2012,8,26,0.0
2012,8,27,15.6
2012,8,28,0.4
2012,8,29,1.4
2012,8,30,1.6
2012,8,31,0.4
2012,9,1,0.0
2012,9,2,0.0
2012,9,3,0.0
2012,9,4,3.6
2012,9,5,0.0
2012,9,6,0.0
2012,9,7,34.4
2012,9,8,0.0
2012,9,9,6.6
2012,9,10,0.2
2012,9,11,1.2
2012,9,12,0.0
2012,9,13,0.0
2012,9,14,0.0
2012,9,15,0.0
2012,9,16,0.0
2012,9,17,0.0
2012,9,18,0.0
2012,9,19,0.0
2012,9,20,0.0
2012,9,21,0.0
2012,9,22,0.0
2012,9,23,0.0
2012,9,24,8.4
2012,9,25,5.6
2012,9,26,1.8
2012,9,27,28.6
2012,9,28,0.0
2012,9,29,0.0
2012,9,30,0.4
2012,10,1,0.0
2012,10,2,0.0
2012,10,3,0.6
2012,10,4,0.0
2012,10,5,0.4
2012,10,6,0.0
2012,10,7,10.0
2012,10,8,0.0
2012,10,9,0.4
2012,10,10,31.0
2012,10,11,2.2
2012,10,12,0.0
2012,10,13,64.2
2012,10,14,18.0
2012,10,15,0.0
2012,10,16,3.6
2012,10,17,6.8
2012,10,18,4.4
2012,10,19,23.8
2012,10,20,25.2
2012,10,21,18.4
2012,10,22,0.0
2012,10,23,0.0
2012,10,24,0.0
2012,10,25,0.0
2012,10,26,0.0
2012,10,27,0.0
2012,10,28,0.0
2012,10,29,0.0
2012,10,30,5.4
2012,10,31,5.8
2012,11,1,0.2
2012,11,2,0.0
2012,11,3,5.0
2012,11,4,22.8
2012,11,5,0.2
2012,11,6,17.2
2012,11,7,0.0
2012,11,8,0.2
2012,11,9,2.8
2012,11,10,0.0
2012,11,11,0.0
2012,11,12,24.6
2012,11,13,6.2
2012,11,14,8.8
2012,11,15,16.4
2012,11,16,0.0
2012,11,17,6.2
2012,11,18,1.0
2012,11,19,0.4
2012,11,20,0.0
2012,11,21,8.8
2012,11,22,0.4
2012,11,23,27.8
2012,11,24,0.0
2012,11,25,28.2
2012,11,26,0.0
2012,11,27,3.8
2012,11,28,2.6
2012,11,29,0.0
2012,11,30,0.0
2012,12,1,0.0
2012,12,2,0.4
2012,12,3,53.6
2012,12,4,0.0
2012,12,5,11.2
2012,12,6,4.4
2012,12,7,0.2
2012,12,8,0.6
2012,12,9,0.2
2012,12,10,6.2
2012,12,11,14.4
2012,12,12,15.4
2012,12,13,61.4
2012,12,14,0.4
2012,12,15,5.6
2012,12,16,6.4
2012,12,17,3.2
2012,12,18,17.0
2012,12,19,12.2
2012,12,20,2.2
2012,12,21,1.2
2012,12,22,4.8
2012,12,23,0.0
2012,12,24,5.4
2012,12,25,0.0
2012,12,26,0.0
2012,12,27,0.0
2012,12,28,0.8
2012,12,29,4.0
2012,12,30,1.4
2012,12,31,90.4
2013,1,1,5.8
2013,1,2,26.6
2013,1,3,12.2
2013,1,4,0.0
2013,1,5,0.0
2013,1,6,0.0
2013,1,7,0.0
2013,1,8,11.8
2013,1,9,25.4
2013,1,10,0.0
2013,1,11,0.0
2013,1,12,1.2
2013,1,13,20.4
2013,1,14,0.0
2013,1,15,0.0
2013,1,16,0.0
2013,1,17,0.0
2013,1,18,67.8
2013,1,19,58.8
2013,1,20,14.2
2013,1,21,2.6
2013,1,22,2.6
2013,1,23,0.0
2013,1,24,0.4
2013,1,25,0.0
2013,1,26,0.0
2013,1,27,0.0
2013,1,28,0.0
2013,1,29,0.0
2013,1,30,0.0
2013,1,31,0.0
2013,2,1,0.0
2013,2,2,0.0
2013,2,3,41.4
2013,2,4,0.6
2013,2,5,5.8
2013,2,6,33.0
2013,2,7,0.0
2013,2,8,18.0
2013,2,9,2.8
2013,2,10,32.6
2013,2,11,27.6
2013,2,12,4.4
2013,2,13,3.8
2013,2,14,54.0
2013,2,15,0.4
2013,2,16,3.4
2013,2,17,0.0
2013,2,18,6.6
2013,2,19,0.2
2013,2,20,0.0
2013,2,21,1.6
2013,2,22,0.0
2013,2,23,0.0
2013,2,24,0.0
2013,2,25,32.8
2013,2,26,31.6
2013,2,27,3.4
2013,2,28,0.0
2013,3,1,0.4
2013,3,2,10.2
2013,3,3,0.0
2013,3,4,0.0
2013,3,5,3.8
2013,3,6,0.0
2013,3,7,0.0
2013,3,8,0.0
2013,3,9,0.0
2013,3,10,4.0
2013,3,11,0.0
2013,3,12,0.0
2013,3,13,0.0
2013,3,14,0.2
2013,3,15,0.0
2013,3,16,0.0
2013,3,17,4.2
2013,3,18,0.0
2013,3,19,0.0
2013,3,20,0.0
2013,3,21,0.0
2013,3,22,31.6
2013,3,23,0.0
2013,3,24,0.0
2013,3,25,3.2
2013,3,26,1.0
2013,3,27,0.0
2013,3,28,0.2
2013,3,29,2.0
2013,3,30,0.0
2013,3,31,6.8
2013,4,1,2.6
2013,4,2,5.4
2013,4,3,0.2
2013,4,4,23.8
2013,4,5,0.2
2013,4,6,4.8
2013,4,7,0.0
2013,4,8,0.8
2013,4,9,0.0
2013,4,10,0.2
2013,4,11,0.0
2013,4,12,0.0
2013,4,13,28.4
2013,4,14,0.6
2013,4,15,0.0
2013,4,16,48.8
2013,4,17,0.8
2013,4,18,1.8
2013,4,19,0.6
2013,4,20,0.0
2013,4,21,14.2
2013,4,22,0.0
2013,4,23,21.8
2013,4,24,10.4
2013,4,25,6.6
2013,4,26,5.2
2013,4,27,3.0
2013,4,28,35.2
2013,4,29,0.0
2013,4,30,0.0
2013,5,1,0.0
2013,5,2,0.2
2013,5,3,13.2
2013,5,4,3.4
2013,5,5,19.2
2013,5,6,0.2
2013,5,7,16.4
2013,5,8,7.4
2013,5,9,6.6
2013,5,10,0.0
2013,5,11,0.2
2013,5,12,0.0
2013,5,13,0.0
2013,5,14,0.0
2013,5,15,24.4
2013,5,16,2.6
2013,5,17,0.0
2013,5,18,0.0
2013,5,19,0.0
2013,5,20,1.6
2013,5,21,0.0
2013,5,22,6.2
2013,5,23,0.0
2013,5,24,7.6
2013,5,25,0.0
2013,5,26,5.0
2013,5,27,0.0
2013,5,28,0.0
2013,5,29,1.0
2013,5,30,0.4
2013,5,31,31.0
2013,6,1,3.0
2013,6,2,0.0
2013,6,3,9.7
2013,6,4,0.0
2013,6,5,37.2
2013,6,6,8.2
2013,6,7,4.6
2013,6,8,10.4
2013,6,9,21.8
2013,6,10,2.4
2013,6,11,0.0
2013,6,12,0.0
2013,6,13,0.0
2013,6,14,0.0
2013,6,15,0.0
2013,6,16,8.0
2013,6,17,0.0
2013,6,18,0.0
2013,6,19,0.0
2013,6,20,0.0
2013,6,21,0.0
2013,6,22,0.0
2013,6,23,0.0
2013,6,24,0.0
2013,6,25,1.8
2013,6,26,23.4
2013,6,27,0.0
2013,6,28,0.0
2013,6,29,0.0
2013,6,30,21.8
2013,7,1,0.0
2013,7,2,43.0
2013,7,3,0.0
2013,7,4,1.0
2013,7,5,0.0
2013,7,6,0.0
2013,7,7,1.8
2013,7,8,3.8
2013,7,9,18.4
2013,7,10,0.0
2013,7,11,18.8
2013,7,12,2.6
2013,7,13,2.2
2013,7,14,4.8
2013,7,15,0.0
2013,7,16,0.4
2013,7,17,14.6
2013,7,18,11.2
2013,7,19,0.0
2013,7,20,0.0
2013,7,21,0.0
2013,7,22,0.0
2013,7,23,0.0
2013,7,24,0.2
2013,7,25,0.0
2013,7,26,7.8
2013,7,27,23.6
2013,7,28,0.0
2013,7,29,0.0
2013,7,30,0.0
2013,7,31,19.4
2013,8,1,8.6
2013,8,2,0.0
2013,8,3,0.0
2013,8,4,0.0
2013,8,5,34.8
2013,8,6,0.6
2013,8,7,21.6
2013,8,8,0.8
2013,8,9,2.8
2013,8,10,45.0
2013,8,11,9.2
2013,8,12,9.6
2013,8,13,2.6
2013,8,14,10.0
2013,8,15,0.0
2013,8,16,0.0
2013,8,17,0.0
2013,8,18,0.0
2013,8,19,3.0
2013,8,20,2.0
2013,8,21,0.0
2013,8,22,0.0
2013,8,23,0.0
2013,8,24,0.0
2013,8,25,0.0
2013,8,26,0.6
2013,8,27,0.0
2013,8,28,6.0
2013,8,29,0.0
2013,8,30,0.0
2013,8,31,0.0
2013,9,1,0.8
2013,9,2,0.0
2013,9,3,25.2
2013,9,4,6.4
2013,9,5,13.0
2013,9,6,36.4
2013,9,7,19.4
2013,9,8,2.6
2013,9,9,3.0
2013,9,10,27.6
2013,9,11,3.0
2013,9,12,0.0
2013,9,13,1.2
2013,9,14,0.0
2013,9,15,11.8
2013,9,16,0.0
2013,9,17,2.8
2013,9,18,0.0
2013,9,19,0.0
2013,9,20,0.0
2013,9,21,0.0
2013,9,22,0.0
2013,9,23,0.0
2013,9,24,0.0
2013,9,25,46.2
2013,9,26,1.0
2013,9,27,0.0
2013,9,28,25.4
2013,9,29,10.4
2013,9,30,0.4
2013,10,1,0.4
2013,10,2,6.6
2013,10,3,0.0
2013,10,4,5.8
2013,10,5,4.0
2013,10,6,0.0
2013,10,7,0.0
2013,10,8,11.6
2013,10,9,0.0
2013,10,10,0.8
2013,10,11,0.2
2013,10,12,0.0
2013,10,13,28.0
2013,10,14,72.0
2013,10,15,14.0
2013,10,16,0.0
2013,10,17,0.0
2013,10,18,12.4
2013,10,19,0.0
2013,10,20,50.2
2013,10,21,18.8
2013,10,22,0.0
2013,10,23,0.0
2013,10,24,0.0
2013,10,25,0.0
2013,10,26,0.0
2013,10,27,2.2
2013,10,28,58.6
2013,10,29,4.2
2013,10,30,0.0
2013,10,31,0.0
2013,11,1,7.6
2013,11,2,14.2
2013,11,3,0.4
2013,11,4,18.4
2013,11,5,42.0
2013,11,6,0.0
2013,11,7,0.0
2013,11,8,2.6
2013,11,9,4.8
2013,11,10,6.2
2013,11,11,8.6
2013,11,12,4.0
2013,11,13,53.4
2013,11,14,0.2
2013,11,15,1.2
2013,11,16,0.0
2013,11,17,0.0
2013,11,18,0.0
2013,11,19,2.6
2013,11,20,5.8
2013,11,21,0.0
2013,11,22,13.4
2013,11,23,0.6
2013,11,24,9.8
2013,11,25,17.2
2013,11,26,6.6
2013,11,27,15.6
2013,11,28,10.0
2013,11,29,6.5
2013,11,30,11.6
2013,12,1,26.4
2013,12,2,9.0
2013,12,3,48.0
2013,12,4,0.2
2013,12,5,0.0
2013,12,6,10.0
2013,12,7,0.0
2013,12,8,34.4
2013,12,9,0.0
2013,12,10,0.0
2013,12,11,0.0
2013,12,12,11.4
2013,12,13,0.0
2013,12,14,2.0
2013,12,15,63.0
2013,12,16,0.0
2013,12,17,0.0
2013,12,18,70.6
2013,12,19,0.0
2013,12,20,6.6
2013,12,21,0.2
2013,12,22,0.4
2013,12,23,2.0
2013,12,24,0.0
2013,12,25,0.0
2013,12,26,1.2
2013,12,27,0.0
2013,12,28,0.0
2013,12,29,0.0
2013,12,30,0.0
2013,12,31,5.4
2014,1,1,0.0
2014,1,2,0.0
2014,1,3,0.0
2014,1,4,0.2
2014,1,5,12.0
2014,1,6,27.2
2014,1,7,0.0
2014,1,8,0.0
2014,1,9,0.4
2014,1,10,0.0
2014,1,11,0.4
2014,1,12,8.6
2014,1,13,0.0
2014,1,14,0.4
2014,1,15,0.0
2014,1,16,0.0
2014,1,17,0.0
2014,1,18,0.0
2014,1,19,0.0
2014,1,20,0.0
2014,1,21,0.0
2014,1,22,0.0
2014,1,23,0.0
2014,1,24,0.0
2014,1,25,0.0
2014,1,26,0.0
2014,1,27,0.0
2014,1,28,0.0
2014,1,29,0.0
2014,1,30,0.0
2014,1,31,0.0
2014,2,1,0.0
2014,2,2,0.0
2014,2,3,0.0
2014,2,4,0.0
2014,2,5,0.0
2014,2,6,0.0
2014,2,7,0.0
2014,2,8,0.2
2014,2,9,0.0
2014,2,10,0.0
2014,2,11,0.0
2014,2,12,0.0
2014,2,13,0.0
2014,2,14,0.0
2014,2,15,0.0
2014,2,16,0.0
2014,2,17,0.0
2014,2,18,0.0
2014,2,19,0.0
2014,2,20,0.0
2014,2,21,0.0
2014,2,22,0.0
2014,2,23,0.0
2014,2,24,0.0
2014,2,25,0.0
2014,2,26,0.0
2014,2,27,0.0
2014,2,28,0.0
2014,3,1,0.0
2014,3,2,0.0
2014,3,3,0.0
2014,3,4,0.0
2014,3,5,0.0
2014,3,6,0.0
2014,3,7,0.0
2014,3,8,0.0
2014,3,9,0.0
2014,3,10,0.0
2014,3,11,0.0
2014,3,12,0.0
2014,3,13,0.0
2014,3,14,0.0
2014,3,15,0.0
2014,3,16,49.8
2014,3,17,6.4
2014,3,18,0.6
2014,3,19,0.0
2014,3,20,0.4
2014,3,21,0.2
2014,3,22,0.0
2014,3,23,0.0
2014,3,24,0.0
2014,3,25,0.0
2014,3,26,0.0
2014,3,27,0.0
2014,3,28,4.2
2014,3,29,2.8
2014,3,30,0.0
2014,3,31,0.0
2014,4,1,0.0
2014,4,2,0.0
2014,4,3,0.0
2014,4,4,15.6
2014,4,5,16.6
2014,4,6,0.2
2014,4,7,0.0
2014,4,8,5.8
2014,4,9,0.2
2014,4,10,0.0
2014,4,11,26.2
2014,4,12,8.0
2014,4,13,25.2
2014,4,14,13.6
2014,4,15,0.0
2014,4,16,4.6
2014,4,17,8.6
2014,4,18,0.8
2014,4,19,0.0
2014,4,20,0.2
2014,4,21,4.4
2014,4,22,0.0
2014,4,23,0.0
2014,4,24,36.8
2014,4,25,0.0
2014,4,26,0.0
2014,4,27,2.6
2014,4,28,0.2
2014,4,29,6.0
2014,4,30,8.6
2014,5,1,1.4
2014,5,2,0.0
2014,5,3,0.0
2014,5,4,3.0
2014,5,5,0.0
2014,5,6,0.0
2014,5,7,89.8
2014,5,8,1.2
2014,5,9,2.0
2014,5,10,0.0
2014,5,11,0.0
2014,5,12,0.0
2014,5,13,0.0
2014,5,14,1.6
2014,5,15,0.4
2014,5,16,3.6
2014,5,17,0.0
2014,5,18,34.0
2014,5,19,18.0
2014,5,20,2.8
2014,5,21,8.4
2014,5,22,0.0
2014,5,23,3.0
2014,5,24,0.0
2014,5,25,0.0
2014,5,26,0.0
2014,5,27,0.0
2014,5,28,3.4
2014,5,29,2.2
2014,5,30,0.0
2014,5,31,0.0
2014,6,1,4.4
2014,6,2,0.0
2014,6,3,0.0
2014,6,4,50.0
2014,6,5,15.4
2014,6,6,52.8
2014,6,7,0.0
2014,6,8,0.8
2014,6,9,0.0
2014,6,10,12.4
2014,6,11,0.0
2014,6,12,4.6
2014,6,13,0.0
2014,6,14,5.6
2014,6,15,0.0
2014,6,16,0.0
2014,6,17,0.0
2014,6,18,7.2
2014,6,19,9.4
2014,6,20,0.0
2014,6,21,0.0
2014,6,22,0.8
2014,6,23,0.0
2014,6,24,1.2
2014,6,25,0.0
2014,6,26,0.0
2014,6,27,0.0
2014,6,28,0.0
2014,6,29,0.0
2014,6,30,0.6
2014,7,1,0.0
2014,7,2,0.0
2014,7,3,5.4
2014,7,4,13.8
2014,7,5,6.2
2014,7,6,7.6
2014,7,7,8.6
2014,7,8,14.2
2014,7,9,11.0
2014,7,10,0.4
2014,7,11,17.4
2014,7,12,0.0
2014,7,13,0.0
2014,7,14,0.0
2014,7,15,0.0
2014,7,16,0.0
2014,7,17,5.4
2014,7,18,0.0
2014,7,19,8.0
2014,7,20,0.0
2014,7,21,0.0
2014,7,22,0.0
2014,7,23,0.0
2014,7,24,0.0
2014,7,25,0.0
2014,7,26,0.0
2014,7,27,22.0
2014,7,28,0.0
2014,7,29,12.6
2014,7,30,3.6
2014,7,31,4.6
2014,8,1,0.0
2014,8,2,24.8
2014,8,3,0.0
2014,8,4,0.8
2014,8,5,5.8
2014,8,6,0.0
2014,8,7,6.8
2014,8,8,0.0
2014,8,9,0.8
2014,8,10,0.8
2014,8,11,0.0
2014,8,12,1.2
2014,8,13,1.6
2014,8,14,20.0
2014,8,15,7.0
2014,8,16,0.0
2014,8,17,0.0
2014,8,18,0.0
2014,8,19,1.6
2014,8,20,7.6
2014,8,21,0.0
2014,8,22,0.0
2014,8,23,0.0
2014,8,24,1.0
2014,8,25,19.8
2014,8,26,2.0
2014,8,27,19.2
2014,8,28,24.2
2014,8,29,1.4
2014,8,30,0.0
2014,8,31,10.8
2014,9,1,0.0
2014,9,2,0.0
2014,9,3,27.8
2014,9,4,0.0
2014,9,5,1.0
2014,9,6,0.0
2014,9,7,0.2
2014,9,8,0.0
2014,9,9,0.2
2014,9,10,0.0
2014,9,11,7.8
2014,9,12,0.0
2014,9,13,2.0
2014,9,14,0.0
2014,9,15,0.0
2014,9,16,0.0
2014,9,17,0.0
2014,9,18,0.0
2014,9,19,0.0
2014,9,20,11.8
2014,9,21,3.8
2014,9,22,0.0
2014,9,23,0.0
2014,9,24,3.8
2014,9,25,33.8
2014,9,26,0.0
2014,9,27,0.0
2014,9,28,0.0
2014,9,29,0.0
2014,9,30,0.0
2014,10,1,0.0
2014,10,2,0.0
2014,10,3,0.0
2014,10,4,8.2
2014,10,5,0.0
2014,10,6,0.0
2014,10,7,0.0
2014,10,8,0.0
2014,10,9,0.0
2014,10,10,0.0
2014,10,11,0.0
2014,10,12,0.0
2014,10,13,0.0
2014,10,14,0.0
2014,10,15,0.2
2014,10,16,18.6
2014,10,17,0.2
2014,10,18,0.8
2014,10,19,0.2
2014,10,20,0.0
2014,10,21,4.5
2014,10,22,5.5
2014,10,23,0.0
2014,10,24,0.0
2014,10,25,0.0
2014,10,26,0.0
2014,10,27,56.5
2014,10,28,6.5
2014,10,29,0.0
2014,10,30,4.0
2014,10,31,1.0
2014,11,1,5.0
2014,11,2,0.0
2014,11,3,0.0
2014,11,4,0.0
2014,11,5,4.6
2014,11,6,67.0
2014,11,7,19.6
2014,11,8,22.6
2014,11,9,10.0
2014,11,10,0.2
2014,11,11,32.6
2014,11,12,0.0
2014,11,13,2.0
2014,11,14,0.2
2014,11,15,0.8
2014,11,16,1.6
2014,11,17,9.2
2014,11,18,6.8
2014,11,19,0.0
2014,11,20,0.0
2014,11,21,0.0
2014,11,22,0.8
2014,11,23,4.2
2014,11,24,0.6
2014,11,25,0.4
2014,11,26,11.2
2014,11,27,0.0
2014,11,28,0.2
2014,11,29,3.8
2014,11,30,0.0
2014,12,1,21.0
2014,12,2,0.0
2014,12,3,1.0
2014,12,4,16.4
2014,12,5,0.0
2014,12,6,11.2
2014,12,7,43.4
2014,12,8,0.2
2014,12,9,0.0
2014,12,10,0.0
2014,12,11,1.4
2014,12,12,6.8
2014,12,13,0.0
2014,12,14,0.0
2014,12,15,0.0
2014,12,16,2.2
2014,12,17,22.8
2014,12,18,0.0
2014,12,19,17.8
2014,12,20,2.4
2014,12,21,10.8
2014,12,22,2.8
2014,12,23,4.2
2014,12,24,1.6
2014,12,25,2.6
2014,12,26,86.6
2014,12,27,18.0
2014,12,28,3.4
2014,12,29,7.2
2014,12,30,0.0
2014,12,31,0.0
2015,1,1,0.4
2015,1,2,0.0
2015,1,3,0.0
2015,1,4,0.0
2015,1,5,0.0
2015,1,6,25.8
2015,1,7,1.4
2015,1,8,1.4
2015,1,9,0.4
2015,1,10,8.4
2015,1,11,0.0
2015,1,12,0.0
2015,1,13,0.0
2015,1,14,0.0
2015,1,15,0.0
2015,1,16,0.0
2015,1,17,0.0
2015,1,18,0.0
2015,1,19,0.0
2015,1,20,0.0
2015,1,21,1.8
2015,1,22,0.0
2015,1,23,0.0
2015,1,24,0.0
2015,1,25,0.0
2015,1,26,0.0
2015,1,27,0.0
2015,1,28,0.0
2015,1,29,0.0
2015,1,30,0.0
2015,1,31,0.0
2015,2,1,0.0
2015,2,2,3.0
2015,2,3,0.0
2015,2,4,0.0
2015,2,5,0.0
2015,2,6,17.0
2015,2,7,0.0
2015,2,8,0.0
2015,2,9,0.0
2015,2,10,0.0
2015,2,11,0.0
2015,2,12,0.0
2015,2,13,0.0
2015,2,14,0.0
2015,2,15,0.0
2015,2,16,0.0
2015,2,17,0.0
2015,2,18,0.0
2015,2,19,11.8
2015,2,20,0.0
2015,2,21,0.0
2015,2,22,0.0
2015,2,23,0.0
2015,2,24,0.0
2015,2,25,0.0
2015,2,26,0.0
2015,2,27,0.0
2015,2,28,0.0
2015,3,1,0.0
2015,3,2,0.0
2015,3,3,0.0
2015,3,4,0.0
2015,3,5,0.0
2015,3,6,0.2
2015,3,7,0.0
2015,3,8,0.2
2015,3,9,6.8
2015,3,10,0.4
2015,3,11,15.6
2015,3,12,0.0
2015,3,13,0.0
2015,3,14,0.0
2015,3,15,0.0
2015,3,16,0.0
2015,3,17,0.0
2015,3,18,0.0
2015,3,19,0.0
2015,3,20,0.0
2015,3,21,0.0
2015,3,22,8.2
2015,3,23,0.0
2015,3,24,0.0
2015,3,25,0.0
2015,3,26,0.0
2015,3,27,0.0
2015,3,28,0.2
2015,3,29,17.4
2015,3,30,0.0
2015,3,31,0.4
2015,4,1,3.2
2015,4,2,13.0
2015,4,3,0.2
2015,4,4,0.0
2015,4,5,4.2
2015,4,6,6.2
2015,4,7,0.0
2015,4,8,0.0
2015,4,9,0.0
2015,4,10,0.0
2015,4,11,0.0
2015,4,12,0.0
2015,4,13,0.0
2015,4,14,0.0
2015,4,15,0.0
2015,4,16,0.0
2015,4,17,0.0
2015,4,18,0.0
2015,4,19,6.6
2015,4,20,0.0
2015,4,21,15.8
2015,4,22,0.0
2015,4,23,0.0
2015,4,24,0.6
2015,4,25,0.0
2015,4,26,7.0
2015,4,27,0.2
2015,4,28,10.4
2015,4,29,0.0
2015,4,30,3.8
2015,5,1,3.0
2015,5,2,6.2
2015,5,3,33.8
2015,5,4,0.6
2015,5,5,0.0
2015,5,6,10.6
2015,5,7,0.0
2015,5,8,0.0
2015,5,9,0.0
2015,5,10,0.0
2015,5,11,0.0
2015,5,12,0.0
2015,5,13,0.0
2015,5,14,4.8
2015,5,15,68.4
2015,5,16,0.0
2015,5,17,0.0
2015,5,18,59.0
2015,5,19,0.0
2015,5,20,0.2
2015,5,21,0.0
2015,5,22,0.0
2015,5,23,6.0
2015,5,24,0.0
2015,5,25,0.0
2015,5,26,0.0
2015,5,27,0.0
2015,5,28,0.0
2015,5,29,0.0
2015,5,30,0.0
2015,5,31,0.0
2015,6,1,0.0
2015,6,2,0.6
2015,6,3,0.2
2015,6,4,0.0
2015,6,5,0.0
2015,6,6,1.8
2015,6,7,19.8
2015,6,8,0.0
2015,6,9,0.0
2015,6,10,0.0
2015,6,11,0.0
2015,6,12,5.2
2015,6,13,0.0
2015,6,14,2.2
2015,6,15,0.2
2015,6,16,0.4
2015,6,17,0.4
2015,6,18,0.0
2015,6,19,0.0
2015,6,20,0.0
2015,6,21,0.0
2015,6,22,0.0
2015,6,23,0.0
2015,6,24,0.0
2015,6,25,0.0
2015,6,26,0.0
2015,6,27,0.0
2015,6,28,0.0
2015,6,29,0.0
2015,6,30,0.0
2015,7,1,4.4
2015,7,2,0.6
2015,7,3,0.0
2015,7,4,27.2
2015,7,5,0.0
2015,7,6,0.8
2015,7,7,2.6
2015,7,8,12.4
2015,7,9,0.2
2015,7,10,7.0
2015,7,11,0.0
2015,7,12,0.0
2015,7,13,0.8
2015,7,14,11.4
2015,7,15,0.0
2015,7,16,0.0
2015,7,17,0.6
2015,7,18,0.0
2015,7,19,0.0
2015,7,20,0.0
2015,7,21,1.8
2015,7,22,0.0
2015,7,23,0.0
2015,7,24,0.4
2015,7,25,0.0
2015,7,26,5.8
2015,7,27,0.0
2015,7,28,0.0
2015,7,29,0.0
2015,7,30,0.0
2015,7,31,1.6
2015,8,1,1.0
2015,8,2,0.0
2015,8,3,68.4
2015,8,4,8.0
2015,8,5,0.0
2015,8,6,2.8
2015,8,7,32.4
2015,8,8,32.0
2015,8,9,10.6
2015,8,10,0.0
2015,8,11,3.2
2015,8,12,55.8
2015,8,13,0.2
2015,8,14,0.0
2015,8,15,0.0
2015,8,16,0.2
2015,8,17,0.0
2015,8,18,0.0
2015,8,19,0.0
2015,8,20,0.0
2015,8,21,1.6
2015,8,22,0.0
2015,8,23,0.0
2015,8,24,0.0
2015,8,25,2.2
2015,8,26,0.0
2015,8,27,0.0
2015,8,28,0.0
2015,8,29,0.0
2015,8,30,26.0
2015,8,31,0.0
2015,9,1,0.0
2015,9,2,0.0
2015,9,3,0.0
2015,9,4,0.2
2015,9,5,0.0
2015,9,6,0.0
2015,9,7,0.0
2015,9,8,0.0
2015,9,9,20.6
2015,9,10,0.0
2015,9,11,0.0
2015,9,12,0.0
2015,9,13,0.0
2015,9,14,0.0
2015,9,15,48.2
2015,9,16,14.0
2015,9,17,0.0
2015,9,18,0.0
2015,9,19,0.0
2015,9,20,0.0
2015,9,21,0.0
2015,9,22,2.8
2015,9,23,0.0
2015,9,24,0.0
2015,9,25,0.0
2015,9,26,0.0
2015,9,27,0.0
2015,9,28,3.6
2015,9,29,0.0
2015,9,30,0.0
2015,10,1,1.4
2015,10,2,11.4
2015,10,3,0.0
2015,10,4,0.0
2015,10,5,1.8
2015,10,6,8.6
2015,10,7,20.4
2015,10,8,0.0
2015,10,9,0.0
2015,10,10,0.0
2015,10,11,0.0
2015,10,12,0.0
2015,10,13,0.0
2015,10,14,15.2
2015,10,15,0.0
2015,10,16,0.0
2015,10,17,0.0
2015,10,18,0.0
2015,10,19,0.0
2015,10,20,0.0
2015,10,21,0.0
2015,10,22,0.0
2015,10,23,0.0
2015,10,24,0.0
2015,10,25,1.2
2015,10,26,0.0
2015,10,27,0.0
2015,10,28,20.2
2015,10,29,0.0
2015,10,30,0.8
2015,10,31,0.4
2015,11,1,0.2
2015,11,2,0.2
2015,11,3,0.0
2015,11,4,0.0
2015,11,5,0.0
2015,11,6,5.2
2015,11,7,10.8
2015,11,8,0.8
2015,11,9,7.6
2015,11,10,0.0
2015,11,11,3.8
2015,11,12,0.0
2015,11,13,6.4
2015,11,14,0.0
2015,11,15,0.0
2015,11,16,1.0
2015,11,17,8.6
2015,11,18,0.0
2015,11,19,0.0
2015,11,20,0.0
2015,11,21,0.0
2015,11,22,0.2
2015,11,23,0.0
2015,11,24,43.2
2015,11,25,34.2
2015,11,26,0.4
2015,11,27,0.0
2015,11,28,0.0
2015,11,29,1.0
2015,11,30,34.4
2015,12,1,41.2
2015,12,2,0.0
2015,12,3,0.0
2015,12,4,12.5
2015,12,5,11.5
2015,12,6,3.5
2015,12,7,0.0
2015,12,8,23.0
2015,12,9,1.5
2015,12,10,66.8
2015,12,11,24.4
2015,12,12,11.0
2015,12,13,9.6
2015,12,14,0.6
2015,12,15,0.0
2015,12,16,0.0
2015,12,17,0.0
2015,12,18,7.6
2015,12,19,0.0
2015,12,20,0.0
2015,12,21,0.0
2015,12,22,0.6
2015,12,23,7.4
2015,12,24,27.6
2015,12,25,0.0
2015,12,26,0.0
2015,12,27,0.0
2015,12,28,1.0
2015,12,29,14.0
2015,12,30,1.6
2015,12,31,13.0
2016,1,1,1.6
2016,1,2,29.0
2016,1,3,11.8
2016,1,4,0.0
2016,1,5,0.0
2016,1,6,0.0
2016,1,7,0.0
2016,1,8,0.0
2016,1,9,0.2
2016,1,10,0.0
2016,1,11,0.0
2016,1,12,0.0
2016,1,13,0.0
2016,1,14,0.0
2016,1,15,1.6
2016,1,16,10.2
2016,1,17,13.6
2016,1,18,0.0
2016,1,19,0.0
2016,1,20,0.8
2016,1,21,0.8
2016,1,22,0.2
2016,1,23,6.2
2016,1,24,0.0
2016,1,25,1.8
2016,1,26,7.2
2016,1,27,0.4
2016,1,28,0.8
2016,1,29,0.2
2016,1,30,0.0
2016,1,31,0.0
2016,2,1,0.0
2016,2,2,4.2
2016,2,3,0.0
2016,2,4,0.8
2016,2,5,0.0
2016,2,6,3.6
2016,2,7,20.6
2016,2,8,0.0
2016,2,9,0.0
2016,2,10,0.0
2016,2,11,0.2
2016,2,12,0.4
2016,2,13,0.0
2016,2,14,0.0
2016,2,15,0.0
2016,2,16,0.0
2016,2,17,0.0
2016,2,18,0.0
2016,2,19,64.2
2016,2,20,2.4
2016,2,21,0.0
2016,2,22,0.0
2016,2,23,0.6
2016,2,24,49.0
2016,2,25,0.2
2016,2,26,0.0
2016,2,27,0.0
2016,2,28,0.0
2016,2,29,0.0
2016,3,1,0.0
2016,3,2,0.0
2016,3,3,0.0
2016,3,4,0.6
2016,3,5,0.0
2016,3,6,0.0
2016,3,7,0.0
2016,3,8,0.0
2016,3,9,0.0
2016,3,10,0.0
2016,3,11,0.0
2016,3,12,0.0
2016,3,13,0.6
2016,3,14,0.0
2016,3,15,0.0
2016,3,16,0.0
2016,3,17,0.0
2016,3,18,0.0
2016,3,19,0.0
2016,3,20,0.2
2016,3,21,27.2
2016,3,22,0.0
2016,3,23,0.0
2016,3,24,0.0
2016,3,25,0.0
2016,3,26,0.0
2016,3,27,0.0
2016,3,28,0.0
2016,3,29,0.0
2016,3,30,0.0
2016,3,31,0.0
2016,4,1,0.0
2016,4,2,0.0
2016,4,3,4.6
2016,4,4,0.0
2016,4,5,0.0
2016,4,6,0.0
2016,4,7,0.0
2016,4,8,0.0
2016,4,9,33.2
2016,4,10,0.0
2016,4,11,0.8
2016,4,12,8.0
2016,4,13,1.0
2016,4,14,1.6
2016,4,15,3.4
2016,4,16,0.6
2016,4,17,0.0
2016,4,18,0.0
2016,4,19,0.0
2016,4,20,5.6
2016,4,21,0.0
2016,4,22,0.6
2016,4,23,0.0
2016,4,24,0.0
2016,4,25,12.0
2016,4,26,21.4
2016,4,27,15.2
2016,4,28,0.0
2016,4,29,5.6
2016,4,30,0.0
2016,5,1,0.0
2016,5,2,0.0
2016,5,3,0.0
2016,5,4,0.0
2016,5,5,0.2
2016,5,6,0.0
2016,5,7,0.0
2016,5,8,0.2
2016,5,9,28.8
2016,5,10,0.0
2016,5,11,2.6
2016,5,12,0.0
2016,5,13,0.0
2016,5,14,4.6
2016,5,15,0.0
2016,5,16,28.8
2016,5,17,0.2
2016,5,18,16.4
2016,5,19,0.0
2016,5,20,0.0
2016,5,21,14.0
2016,5,22,25.0
2016,5,23,10.0
2016,5,24,0.0
2016,5,25,0.0
2016,5,26,0.0
2016,5,27,0.0
2016,5,28,13.4
2016,5,29,0.4
2016,5,30,2.6
2016,5,31,0.0
2016,6,1,1.6
2016,6,2,0.0
2016,6,3,0.0
2016,6,4,2.4
2016,6,5,0.0
2016,6,6,0.0
2016,6,7,0.0
2016,6,8,2.4
2016,6,9,0.0
2016,6,10,5.8
2016,6,11,7.2
2016,6,12,0.0
2016,6,13,0.0
2016,6,14,0.0
2016,6,15,37.6
2016,6,16,3.2
2016,6,17,
2016,6,18,
2016,6,19,
2016,6,20,
2016,6,21,
2016,6,22,
2016,6,23,
2016,6,24,
2016,6,25,
2016,6,26,
2016,6,27,
2016,6,28,
2016,6,29,
2016,6,30,
2016,10,1,
2016,10,2,
2016,10,3,
2016,10,4,
2016,10,5,
2016,10,6,
2016,10,7,
2016,10,8,
2016,10,9,
2016,10,10,
2016,10,11,
2016,10,12,
2016,10,13,
2016,10,14,
2016,10,15,
2016,10,16,
2016,10,17,
2016,10,18,
2016,10,19,
2016,10,20,
2016,10,21,
2016,10,22,
2016,10,23,
2016,10,24,
2016,10,25,20.8
2016,10,26,1.8
2016,10,27,45.8
2016,10,28,0.0
2016,10,29,12.4
2016,10,30,0.6
2016,10,31,0.0
2016,11,1,28.2
2016,11,2,9.2
2016,11,3,27.6
2016,11,4,1.0
2016,11,5,9.0
2016,11,6,0.2
2016,11,7,1.4
2016,11,8,0.0
2016,11,9,19.6
2016,11,10,2.8
2016,11,11,1.8
2016,11,12,11.0
2016,11,13,0.0
2016,11,14,28.0
2016,11,15,0.4
2016,11,16,41.8
2016,11,17,31.8
2016,11,18,0.2
2016,11,19,1.4
2016,11,20,2.4
2016,11,21,0.0
2016,11,22,0.8
2016,11,23,0.6
2016,11,24,0.0
2016,11,25,9.0
2016,11,26,11.4
2016,11,27,1.8
2016,11,28,0.0
2016,11,29,0.4
2016,11,30,0.0
2016,12,1,9.4
2016,12,2,1.6
2016,12,3,2.2
2016,12,4,1.2
2016,12,5,1.6
2016,12,6,14.8
2016,12,7,2.6
2016,12,8,0.0
2016,12,9,13.4
2016,12,10,1.6
2016,12,11,10.2
2016,12,12,0.0
2016,12,13,0.6
2016,12,14,0.2
2016,12,15,0.0
2016,12,16,3.8
2016,12,17,5.4
2016,12,18,9.6
2016,12,19,2.2
2016,12,20,0.0
2016,12,21,3.0
2016,12,22,30.0
2016,12,23,8.5
2016,12,24,89.0
2016,12,25,11.5
2016,12,26,0.0
2016,12,27,2.5
2016,12,28,3.5
2016,12,29,0.0
2016,12,30,5.0
2016,12,31,0.0
2017,1,1,2.0
2017,1,2,0.0
2017,1,3,2.2
2017,1,4,2.8
2017,1,5,1.0
2017,1,6,0.0
2017,1,7,0.0
2017,1,8,0.6
2017,1,9,0.0
2017,1,10,4.6
2017,1,11,29.4
2017,1,12,0.2
2017,1,13,6.4
2017,1,14,0.0
2017,1,15,0.6
2017,1,16,0.0
2017,1,17,2.4
2017,1,18,29.6
2017,1,19,26.2
2017,1,20,18.2
2017,1,21,26.0
2017,1,22,25.0
2017,1,23,79.4
2017,1,24,15.6
2017,1,25,2.4
2017,1,26,0.4
2017,1,27,0.0
2017,1,28,18.4
2017,1,29,0.4
2017,1,30,1.4
2017,1,31,0.0
2017,2,1,0.0
2017,2,2,1.8
2017,2,3,64.4
2017,2,4,47.8
2017,2,5,6.2
2017,2,6,8.4
2017,2,7,33.2
2017,2,8,4.4
2017,2,9,0.0
2017,2,10,0.0
2017,2,11,0.4
2017,2,12,2.8
2017,2,13,2.8
2017,2,14,0.6
2017,2,15,19.8
2017,2,16,0.0
2017,2,17,0.0
2017,2,18,0.0
2017,2,19,0.0
2017,2,20,0.0
2017,2,21,0.2
2017,2,22,0.0
2017,2,23,0.4
2017,2,24,26.0
2017,2,25,0.0
2017,2,26,1.0
2017,2,27,0.0
2017,2,28,2.8
2017,3,1,25.4
2017,3,2,0.4
2017,3,3,11.0
2017,3,4,4.0
2017,3,5,0.8
2017,3,6,2.2
2017,3,7,0.2
2017,3,8,0.0
2017,3,9,0.0
2017,3,10,0.0
2017,3,11,0.0
2017,3,12,0.0
2017,3,13,0.0
2017,3,14,0.0
2017,3,15,0.0
2017,3,16,0.0
2017,3,17,7.8
2017,3,18,0.0
2017,3,19,0.0
2017,3,20,14.6
2017,3,21,0.4
2017,3,22,2.8
2017,3,23,0.0
2017,3,24,0.0
2017,3,25,1.8
2017,3,26,0.2
2017,3,27,0.4
2017,3,28,7.0
2017,3,29,13.2
2017,3,30,7.6
2017,3,31,29.0
2017,4,1,10.4
2017,4,2,4.4
2017,4,3,1.0
2017,4,4,0.8
2017,4,5,0.0
2017,4,6,0.0
2017,4,7,7.6
2017,4,8,2.6
2017,4,9,2.2
2017,4,10,0.0
2017,4,11,1.8
2017,4,12,13.6
2017,4,13,2.2
2017,4,14,0.0
2017,4,15,6.4
2017,4,16,0.0
2017,4,17,0.0
2017,4,18,35.6
2017,4,19,0.0
2017,4,20,0.0
2017,4,21,15.2
2017,4,22,5.0
2017,4,23,6.6
2017,4,24,38.4
2017,4,25,2.0
2017,4,26,3.2
2017,4,27,1.4
2017,4,28,34.8
2017,4,29,0.0
2017,4,30,0.0
2017,5,1,0.0
2017,5,2,2.0
2017,5,3,0.0
2017,5,4,0.0
2017,5,5,0.4
2017,5,6,4.4
2017,5,7,0.0
2017,5,8,0.0
2017,5,9,0.0
2017,5,10,6.8
2017,5,11,0.0
2017,5,12,5.6
2017,5,13,0.8
2017,5,14,0.0
2017,5,15,13.2
2017,5,16,4.2
2017,5,17,0.0
2017,5,18,13.6
2017,5,19,0.0
2017,5,20,0.0
2017,5,21,36.2
2017,5,22,19.0
2017,5,23,0.0
2017,5,24,11.0
2017,5,25,0.0
2017,5,26,9.8
2017,5,27,0.0
2017,5,28,0.0
2017,5,29,0.0
2017,5,30,14.2
2017,5,31,96.2
2017,6,1,10.2
2017,6,2,0.0
2017,6,3,0.0
2017,6,4,0.0
2017,6,5,0.0
2017,6,6,0.0
2017,6,7,0.0
2017,6,8,0.0
2017,6,9,0.0
2017,6,10,0.0
2017,6,11,0.0
2017,6,12,0.0
2017,6,13,0.0
2017,6,14,0.0
2017,6,15,0.0
2017,6,16,21.4
2017,6,17,0.0
2017,6,18,16.2
2017,6,19,0.0
2017,6,20,0.0
2017,6,21,
2017,6,22,
2017,6,23,
2017,6,24,
2017,6,25,
2017,6,26,
2017,6,27,
2017,6,28,
2017,6,29,
2017,6,30,
2017,7,1,
2017,7,2,
2017,7,3,
2017,7,4,0.0
2017,7,5,
2017,7,6,
2017,7,7,
2017,7,8,
2017,7,9,
2017,7,10,
2017,7,11,
2017,7,12,
2017,7,13,
2017,7,14,13.2
2017,7,15,0.8
2017,7,16,0.4
2017,7,17,0.0
2017,7,18,0.0
2017,7,19,0.0
2017,7,20,0.0
2017,7,21,0.0
2017,7,22,0.0
2017,7,23,0.0
2017,7,24,0.0
2017,7,25,0.0
2017,7,26,9.8
2017,7,27,0.0
2017,7,28,0.0
2017,7,29,0.0
2017,7,30,0.0
2017,7,31,0.0
2017,8,1,0.2
2017,8,2,0.0
2017,8,3,0.0
2017,8,4,0.0
2017,8,5,0.0
2017,8,6,0.4
2017,8,7,4.2
2017,8,8,1.2
2017,8,9,1.8
2017,8,10,0.0
2017,8,11,1.0
2017,8,12,1.4
2017,8,13,1.0
2017,8,14,1.8
2017,8,15,0.8
2017,8,16,0.0
2017,8,17,19.8
2017,8,18,43.2
2017,8,19,1.6
2017,8,20,0.0
2017,8,21,0.0
2017,8,22,9.6
2017,8,23,0.0
2017,8,24,0.0
2017,8,25,0.4
2017,8,26,0.0
2017,8,27,8.0
2017,8,28,0.0
2017,8,29,0.6
2017,8,30,0.0
2017,8,31,0.0
2017,9,1,0.0
2017,9,2,0.0
2017,9,3,0.0
2017,9,4,0.0
2017,9,5,10.6
2017,9,6,30.0
2017,9,7,0.0
2017,9,8,0.0
2017,9,9,5.6
2017,9,10,1.6
2017,9,11,2.8
2017,9,12,0.0
2017,9,13,0.0
2017,9,14,1.6
2017,9,15,0.2
2017,9,16,35.4
2017,9,17,1.6
2017,9,18,28.0
2017,9,19,8.2
2017,9,20,6.4
2017,9,21,4.0
2017,9,22,0.0
2017,9,23,16.8
2017,9,24,5.0
2017,9,25,0.0
2017,9,26,0.2
2017,9,27,2.2
2017,9,28,1.0
2017,9,29,2.2
2017,9,30,4.4
2017,10,1,2.2
2017,10,2,0.0
2017,10,3,3.6
2017,10,4,2.0
2017,10,5,0.0
2017,10,6,0.0
2017,10,7,9.2
2017,10,8,14.8
2017,10,9,24.0
2017,10,10,8.2
2017,10,11,8.0
2017,10,12,20.6
2017,10,13,0.4
2017,10,14,0.0
2017,10,15,0.0
2017,10,16,0.0
2017,10,17,0.0
2017,10,18,0.0
2017,10,19,0.0
2017,10,20,0.0
2017,10,21,0.0
2017,10,22,0.2
2017,10,23,0.2
2017,10,24,1.6
2017,10,25,0.0
2017,10,26,14.6
2017,10,27,15.6
2017,10,28,0.0
2017,10,29,1.4
2017,10,30,0.2
2017,10,31,3.2
2017,11,1,0.0
2017,11,2,0.0
2017,11,3,2.6
2017,11,4,5.2
2017,11,5,0.8
2017,11,6,55.6
2017,11,7,0.8
2017,11,8,0.2
2017,11,9,39.2
2017,11,10,7.4
2017,11,11,3.2
2017,11,12,14.2
2017,11,13,3.2
2017,11,14,96.2
2017,11,15,0.0
2017,11,16,0.0
2017,11,17,5.0
2017,11,18,1.4
2017,11,19,0.2
2017,11,20,16.2
2017,11,21,13.0
2017,11,22,0.0
2017,11,23,5.0
2017,11,24,9.0
2017,11,25,0.0
2017,11,26,0.0
2017,11,27,3.0
2017,11,28,0.5
2017,11,29,6.5
2017,11,30,0.0
2017,12,1,0.0
2017,12,2,0.0
2017,12,3,0.0
2017,12,4,1.0
2017,12,5,13.5
2017,12,6,2.5
2017,12,7,12.5
2017,12,8,0.0
2017,12,9,1.0
2017,12,10,16.0
2017,12,11,20.5
2017,12,12,49.0
2017,12,13,55.0
2017,12,14,5.0
2017,12,15,51.0
2017,12,16,0.0
2017,12,17,0.0
2017,12,18,0.4
2017,12,19,0.4
2017,12,20,0.0
2017,12,21,0.0
2017,12,22,69.5
2017,12,23,3.0
2017,12,24,0.0
2017,12,25,31.5
2017,12,26,3.2
2017,12,27,24.0
2017,12,28,8.8
2017,12,29,0.0
2017,12,30,0.6
2017,12,31,58.4
2018,1,1,19.5
2018,1,2,0.0
2018,1,3,19.6
2018,1,4,0.2
2018,1,5,0.2
2018,1,6,0.0
2018,1,7,0.0
2018,1,8,121.5
2018,1,9,0.0
2018,1,10,30.5
2018,1,11,11.5
2018,1,12,9.0
2018,1,13,36.0
2018,1,14,
2018,1,15,1.0
2018,1,16,0.0
2018,1,17,0.0
2018,1,18,0.0
2018,1,19,9.0
2018,1,20,21.5
2018,1,21,3.5
2018,1,22,0.0
2018,1,23,12.5
2018,1,24,2.0
2018,1,25,0.8
2018,1,26,5.8
2018,1,27,2.8
2018,1,28,13.4
2018,1,29,0.6
2018,1,30,12.8
2018,1,31,20.2
2018,2,1,0.0
2018,2,2,8.6
2018,2,3,0.0
2018,2,4,6.6
2018,2,5,0.0
2018,2,6,0.0
2018,2,7,0.0
2018,2,8,0.0
2018,2,9,0.0
2018,2,10,0.0
2018,2,11,0.0
2018,2,12,0.0
2018,2,13,0.0
2018,2,14,0.0
2018,2,15,1.6
2018,2,16,0.0
2018,2,17,0.0
2018,2,18,0.0
2018,2,19,0.0
2018,2,20,0.0
2018,2,21,0.0
2018,2,22,0.0
2018,2,23,1.0
2018,2,24,0.2
2018,2,25,0.0
2018,2,26,0.0
2018,2,27,0.0
2018,2,28,0.0
2018,3,1,1.6
2018,3,2,0.0
2018,3,3,0.0
2018,3,4,0.0
2018,3,5,0.0
2018,3,6,0.0
2018,3,7,8.2
2018,3,8,0.2
2018,3,9,0.0
2018,3,10,11.8
2018,3,11,0.0
2018,3,12,0.0
2018,3,13,0.0
2018,3,14,0.0
2018,3,15,0.0
2018,3,16,0.2
2018,3,17,0.0
2018,3,18,0.0
2018,3,19,0.0
2018,3,20,0.0
2018,3,21,4.4
2018,3,22,0.0
2018,3,23,0.0
2018,3,24,0.0
2018,3,25,0.8
2018,3,26,0.0
2018,3,27,9.0
2018,3,28,10.2
2018,3,29,0.0
2018,3,30,0.2
2018,3,31,0.0
2018,4,1,4.0
2018,4,2,0.2
2018,4,3,0.0
2018,4,4,0.0
2018,4,5,2.6
2018,4,6,0.0
2018,4,7,1.8
2018,4,8,1.2
2018,4,9,0.0
2018,4,10,0.0
2018,4,11,0.0
2018,4,12,0.0
2018,4,13,0.0
2018,4,14,0.0
2018,4,15,20.4
2018,4,16,1.0
2018,4,17,0.0
2018,4,18,0.0
2018,4,19,0.4
2018,4,20,0.0
2018,4,21,0.0
2018,4,22,1.0
2018,4,23,26.0
2018,4,24,4.2
2018,4,25,0.0
2018,4,26,8.0
2018,4,27,20.8
2018,4,28,0.2
2018,4,29,0.0
2018,4,30,2.0
2018,5,1,0.6
2018,5,2,1.6
2018,5,3,32.0
2018,5,4,0.8
2018,5,5,0.2
2018,5,6,0.0
2018,5,7,0.0
2018,5,8,0.0
2018,5,9,0.0
2018,5,10,0.0
2018,5,11,0.0
2018,5,12,0.0
2018,5,13,2.2
2018,5,14,0.0
2018,5,15,0.2
2018,5,16,0.0
2018,5,17,0.0
2018,5,18,9.4
2018,5,19,0.4
2018,5,20,0.6
2018,5,21,0.0
2018,5,22,0.0
2018,5,23,24.0
2018,5,24,0.4
2018,5,25,0.0
2018,5,26,8.6
2018,5,27,0.8
2018,5,28,19.2
2018,5,29,0.2
2018,5,30,0.0
2018,5,31,0.2
2018,6,1,27.0
2018,6,2,19.0
2018,6,3,0.0
2018,6,4,1.0
2018,6,5,0.0
2018,6,6,0.0
2018,6,7,0.0
2018,6,8,0.4
2018,6,9,0.0
2018,6,10,0.0
2018,6,11,0.0
2018,6,12,0.0
2018,6,13,0.0
2018,6,14,0.0
2018,6,15,1.8
2018,6,16,0.0
2018,6,17,0.0
2018,6,18,0.2
2018,6,19,0.2
2018,6,20,13.8
2018,6,21,0.0
2018,6,22,0.0
2018,6,23,0.0
2018,6,24,0.0
2018,6,25,12.6
2018,6,26,2.2
2018,6,27,3.0
2018,6,28,0.0
2018,6,29,0.0
2018,6,30,0.0
2018,7,1,0.2
2018,7,2,0.0
2018,7,3,3.0
2018,7,4,0.0
2018,7,5,0.0
2018,7,6,0.0
2018,7,7,34.6
2018,7,8,0.0
2018,7,9,0.0
2018,7,10,6.8
2018,7,11,0.4
2018,7,12,0.2
2018,7,13,0.0
2018,7,14,4.4
2018,7,15,26.6
2018,7,16,0.0
2018,7,17,0.0
2018,7,18,0.0
2018,7,19,11.2
2018,7,20,3.0
2018,7,21,2.6
2018,7,22,0.0
2018,7,23,0.0
2018,7,24,0.0
2018,7,25,0.2
2018,7,26,0.0
2018,7,27,0.0
2018,7,28,0.0
2018,7,29,0.0
2018,7,30,
2018,7,31,0.0
2018,8,1,0.0
2018,8,2,0.0
2018,8,3,0.0
2018,8,4,12.0
2018,8,5,2.4
2018,8,6,0.0
2018,8,7,0.0
2018,8,8,7.0
2018,8,9,0.0
2018,8,10,0.0
2018,8,11,0.0
2018,8,12,0.0
2018,8,13,0.0
2018,8,14,0.0
2018,8,15,0.0
2018,8,16,0.0
2018,8,17,4.8
2018,8,18,0.0
2018,8,19,8.0
2018,8,20,0.0
2018,8,21,0.0
2018,8,22,15.0
2018,8,23,6.0
2018,8,24,43.5
2018,8,25,0.0
2018,8,26,0.0
2018,8,27,0.0
2018,8,28,0.0
2018,8,29,0.0
2018,8,30,1.4
2018,8,31,0.0
2018,9,1,0.0
2018,9,2,12.6
2018,9,3,0.8
2018,9,4,
2018,9,5,0.0
2018,9,6,0.0
2018,9,7,11.0
2018,9,8,
2018,9,9,4.5
2018,9,10,17.0
2018,9,11,2.0
2018,9,12,
2018,9,13,0.0
2018,9,14,0.0
2018,9,15,0.0
2018,9,16,0.0
2018,9,17,0.0
2018,9,18,0.8
2018,9,19,0.0
2018,9,20,10.4
2018,9,21,3.4
2018,9,22,2.6
2018,9,23,0.0
2018,9,24,0.0
2018,9,25,0.0
2018,9,26,0.0
2018,9,27,0.0
2018,9,28,0.0
2018,9,29,0.0
2018,9,30,0.0
2018,10,1,0.0
2018,10,2,0.0
2018,10,3,0.0
2018,10,4,0.0
2018,10,5,0.0
2018,10,6,0.2
2018,10,7,2.0
2018,10,8,0.8
2018,10,9,
2018,10,10,30.0
2018,10,11,4.4
2018,10,12,38.6
2018,10,13,1.8
2018,10,14,
2018,10,15,0.0
2018,10,16,0.0
2018,10,17,9.6
2018,10,18,7.0
2018,10,19,9.2
2018,10,20,6.6
2018,10,21,0.8
2018,10,22,0.0
2018,10,23,1.0
2018,10,24,4.0
2018,10,25,2.2
2018,10,26,1.0
2018,10,27,2.6
2018,10,28,43.4
2018,10,29,12.4
2018,10,30,0.4
2018,10,31,0.0
2018,11,1,0.6
2018,11,2,4.0
2018,11,3,0.0
2018,11,4,2.0
2018,11,5,0.2
2018,11,6,10.4
2018,11,7,21.2
2018,11,8,2.0
2018,11,9,7.0
2018,11,10,0.6
2018,11,11,1.0
2018,11,12,0.0
2018,11,13,0.2
2018,11,14,2.4
2018,11,15,6.4
2018,11,16,0.0
2018,11,17,28.0
2018,11,18,15.6
2018,11,19,3.8
2018,11,20,3.8
2018,11,21,17.8
2018,11,22,5.6
2018,11,23,2.6
2018,11,24,0.0
2018,11,25,7.6
2018,11,26,12.8
2018,11,27,3.0
2018,11,28,0.0
2018,11,29,2.0
2018,11,30,10.4
2018,12,1,6.8
2018,12,2,0.0
2018,12,3,4.2
2018,12,4,0.2
2018,12,5,7.4
2018,12,6,
2018,12,7,
2018,12,8,
2018,12,9,
2018,12,10,
2018,12,11,
2018,12,12,0.2
2018,12,13,0.0
2018,12,14,0.0
2018,12,15,4.0
2018,12,16,3.4
2018,12,17,1.2
2018,12,18,0.0
2018,12,19,8.4
2018,12,20,44.4
2018,12,21,0.2
2018,12,22,4.2
2018,12,23,7.6
2018,12,24,5.0
2018,12,25,0.0
2018,12,26,0.4
2018,12,27,0.0
2018,12,28,
2018,12,29,
2018,12,30,
2018,12,31,
2019,1,1,
2019,1,2,
2019,1,3,0.0
2019,1,4,0.0
2019,1,5,
2019,1,6,
2019,1,7,
2019,1,8,
2019,1,9,
2019,1,10,0.0
2019,1,11,
2019,1,12,0.0
2019,1,13,
2019,1,14,
2019,1,15,0.0
2019,1,16,0.0
2019,1,17,5.4
2019,1,18,31.6
2019,1,19,0.0
2019,1,20,0.0
2019,1,21,0.0
2019,1,22,0.0
2019,1,23,0.2
2019,1,24,0.0
2019,1,25,0.2
2019,1,26,0.0
2019,1,27,0.0
2019,1,28,0.2
2019,1,29,0.0
2019,1,30,0.0
2019,1,31,0.0
2019,2,1,0.0
2019,2,2,0.0
2019,2,3,0.0
2019,2,4,0.0
2019,2,5,0.0
2019,2,6,0.0
2019,2,7,0.0
2019,2,8,0.0
2019,2,9,0.0
2019,2,10,0.0
2019,2,11,0.0
2019,2,12,0.0
2019,2,13,
2019,2,14,
2019,2,15,0.0
2019,2,16,
2019,2,17,
2019,2,18,
2019,2,19,
2019,2,20,0.0
2019,2,21,
2019,2,22,
2019,2,23,
2019,2,24,
2019,2,25,
2019,2,26,
2019,2,27,
2019,2,28,0.0
2019,3,1,0.0
2019,3,2,
2019,3,3,
2019,3,4,
2019,3,5,
2019,3,6,
2019,3,7,
2019,3,8,
2019,3,9,
2019,3,10,
2019,3,11,
2019,3,12,
2019,3,13,
2019,3,14,
2019,3,15,
2019,3,16,
2019,3,17,
2019,3,18,
2019,3,19,0.0
2019,3,20,0.0
2019,3,21,
2019,3,22,
2019,3,23,
2019,3,24,
2019,3,25,
2019,3,26,
2019,3,27,
2019,3,28,
2019,3,29,
2019,3,30,
2019,3,31,
2019,4,1,
2019,4,2,
2019,4,3,
2019,4,4,0.0
2019,4,5,0.0
2019,4,6,0.0
2019,4,7,0.0
2019,4,8,0.0
2019,4,9,0.0
2019,4,10,3.0
2019,4,11,15.2
2019,4,12,0.0
2019,4,13,0.0
2019,4,14,
2019,4,15,
2019,4,16,
2019,4,17,
2019,4,18,
2019,4,19,
2019,4,20,
2019,4,21,
2019,4,22,
2019,4,23,
2019,4,24,
2019,4,25,
2019,4,26,
2019,4,27,
2019,4,28,
2019,4,29,
2019,4,30,
2019,5,1,
2019,5,2,7.2
2019,5,3,0.0
2019,5,4,
2019,5,5,
2019,5,6,0.0
2019,5,7,1.0
2019,5,8,
2019,5,9,
2019,5,10,
2019,5,11,0.0
2019,5,12,0.0
2019,5,13,0.0
2019,5,14,0.4
2019,5,15,0.6
2019,5,16,0.4
2019,5,17,3.8
2019,5,18,0.0
2019,5,19,0.6
2019,5,20,0.0
2019,5,21,0.0
2019,5,22,0.0
2019,5,23,0.0
2019,5,24,0.0
2019,5,25,0.0
2019,5,26,0.0
2019,5,27,0.0
2019,5,28,0.0
2019,5,29,0.0
2019,5,30,3.2
2019,5,31,0.0
2019,6,1,0.0
2019,6,2,7.0
2019,6,3,11.4
2019,6,4,0.2
2019,6,5,0.0
2019,6,6,4.4
2019,6,7,22.8
2019,6,8,0.6
2019,6,9,0.0
2019,6,10,0.0
2019,6,11,0.0
2019,6,12,8.8
2019,6,13,1.4
2019,6,14,3.6
2019,6,15,0.0
2019,6,16,0.0
2019,6,17,0.4
2019,6,18,10.8
2019,6,19,11.4
2019,6,20,0.4
2019,6,21,2.0
2019,6,22,7.6
2019,6,23,0.0
2019,6,24,1.2
2019,6,25,0.0
2019,6,26,0.0
2019,6,27,0.0
2019,6,28,0.0
2019,6,29,3.8
2019,6,30,0.0
2019,7,1,0.0
2019,7,2,0.0
2019,7,3,0.0
2019,7,4,0.0
2019,7,5,0.0
2019,7,6,0.6
2019,7,7,0.2
2019,7,8,8.6
2019,7,9,2.6
2019,7,10,0.0
2019,7,11,0.0
2019,7,12,0.0
2019,7,13,0.0
2019,7,14,0.0
2019,7,15,12.6
2019,7,16,0.0
2019,7,17,0.0
2019,7,18,0.0
2019,7,19,0.0
2019,7,20,0.0
2019,7,21,0.0
2019,7,22,0.0
2019,7,23,4.6
2019,7,24,0.0
2019,7,25,0.0
2019,7,26,0.0
2019,7,27,0.0
2019,7,28,1.0
2019,7,29,0.0
2019,7,30,0.0
2019,7,31,0.0
2019,8,1,0.0
2019,8,2,0.0
2019,8,3,0.0
2019,8,4,0.0
2019,8,5,0.0
2019,8,6,0.0
2019,8,7,4.2
2019,8,8,0.0
2019,8,9,0.0
2019,8,10,0.0
2019,8,11,0.0
2019,8,12,0.0
2019,8,13,0.0
2019,8,14,0.6
2019,8,15,0.0
2019,8,16,0.0
2019,8,17,0.6
2019,8,18,0.0
2019,8,19,0.0
2019,8,20,0.0
2019,8,21,1.4
2019,8,22,0.0
2019,8,23,0.0
2019,8,24,0.0
2019,8,25,0.0
2019,8,26,0.2
2019,8,27,0.4
2019,8,28,0.5
2019,8,29,0.0
2019,8,30,0.0
2019,8,31,0.0
2019,9,1,0.0
2019,9,2,0.0
2019,9,3,0.0
2019,9,4,0.0
2019,9,5,0.0
2019,9,6,0.0
2019,9,7,0.0
2019,9,8,0.0
2019,9,9,0.0
2019,9,10,0.0
2019,9,11,0.0
2019,9,12,0.0
2019,9,13,0.0
2019,9,14,0.0
2019,9,15,0.0
2019,9,16,0.0
2019,9,17,0.0
2019,9,18,0.0
2019,9,19,0.0
2019,9,20,0.0
2019,9,21,0.0
2019,9,22,0.0
2019,9,23,4.0
2019,9,24,0.0
2019,9,25,10.0
2019,9,26,0.0
2019,9,27,0.0
2019,9,28,0.0
2019,9,29,0.6
2019,9,30,1.2
2019,10,1,0.0
2019,10,2,3.5
2019,10,3,0.2
2019,10,4,9.5
2019,10,5,0.0
2019,10,6,0.4
2019,10,7,5.2
2019,10,8,0.0
2019,10,9,0.0
2019,10,10,0.0
2019,10,11,0.0
2019,10,12,0.0
2019,10,13,0.0
2019,10,14,0.0
2019,10,15,0.0
2019,10,16,0.0
2019,10,17,0.0
2019,10,18,0.0
2019,10,19,0.0
2019,10,20,0.2
2019,10,21,0.0
2019,10,22,32.5
2019,10,23,1.0
2019,10,24,0.0
2019,10,25,0.0
2019,10,26,45.5
2019,10,27,48.5
2019,10,28,12.5
2019,10,29,0.0
2019,10,30,0.0
2019,10,31,0.0
2019,11,1,28.0
2019,11,2,0.0
2019,11,3,0.0
2019,11,4,8.5
2019,11,5,0.2
2019,11,6,0.0
2019,11,7,0.0
2019,11,8,1.6
2019,11,9,0.0
2019,11,10,0.0
2019,11,11,0.0
2019,11,12,0.0
2019,11,13,0.0
2019,11,14,0.0
2019,11,15,0.4
2019,11,16,0.0
2019,11,17,0.0
2019,11,18,0.8
2019,11,19,1.2
2019,11,20,12.0
2019,11,21,1.0
2019,11,22,0.0
2019,11,23,14.0
2019,11,24,8.5
2019,11,25,1.0
2019,11,26,0.0
2019,11,27,17.5
2019,11,28,38.0
2019,11,29,67.0
2019,11,30,0.0
