year,month,day,Daily Rainfall Total (mm)
2000,1,1,0.8
2000,1,2,2.2
2000,1,3,3.4
2000,1,4,0.4
2000,1,5,40.8
2000,1,6,7.2
2000,1,7,0.5
2000,1,8,0.0
2000,1,9,7.1
2000,1,10,6.4
2000,1,11,0.7
2000,1,12,55.9
2000,1,13,0.5
2000,1,14,0.0
2000,1,15,0.0
2000,1,16,18.4
2000,1,17,23.9
2000,1,18,0.0
2000,1,19,0.0
2000,1,20,0.0
2000,1,21,0.0
2000,1,22,4.5
2000,1,23,0.0
2000,1,24,5.9
2000,1,25,32.7
2000,1,26,0.1
2000,1,27,0.4
2000,1,28,2.9
2000,1,29,5.8
2000,1,30,2.3
2000,1,31,4.5
2000,2,1,11.8
2000,2,2,0.4
2000,2,3,0.1
2000,2,4,0.0
2000,2,5,0.0
2000,2,6,0.0
2000,2,7,0.0
2000,2,8,4.3
2000,2,9,0.8
2000,2,10,0.0
2000,2,11,25.8
2000,2,12,0.0
2000,2,13,0.0
2000,2,14,9.1
2000,2,15,0.0
2000,2,16,0.0
2000,2,17,0.1
2000,2,18,0.8
2000,2,19,90.6
2000,2,20,0.2
2000,2,21,0.8
2000,2,22,73.4
2000,2,23,0.0
2000,2,24,1.4
2000,2,25,0.0
2000,2,26,0.0
2000,2,27,16.9
2000,2,28,0.0
2000,2,29,0.0
2000,3,1,0.0
2000,3,2,0.0
2000,3,3,0.0
2000,3,4,0.0
2000,3,5,0.0
2000,3,6,0.1
2000,3,7,0.0
2000,3,8,0.0
2000,3,9,0.0
2000,3,10,0.0
2000,3,11,0.0
2000,3,12,0.3
2000,3,13,0.2
2000,3,14,4.3
2000,3,15,2.4
2000,3,16,5.6
2000,3,17,35.4
2000,3,18,15.6
2000,3,19,86.3
2000,3,20,0.1
2000,3,21,9.5
2000,3,22,2.0
2000,3,23,6.4
2000,3,24,0.2
2000,3,25,3.4
2000,3,26,0.2
2000,3,27,0.0
2000,3,28,88.9
2000,3,29,7.0
2000,3,30,0.5
2000,3,31,0.0
2000,4,1,0.0
2000,4,2,3.6
2000,4,3,56.4
2000,4,4,17.3
2000,4,5,10.3
2000,4,6,32.2
2000,4,7,11.8
2000,4,8,0.5
2000,4,9,6.8
2000,4,10,57.0
2000,4,11,2.1
2000,4,12,0.0
2000,4,13,0.0
2000,4,14,0.0
2000,4,15,0.0
2000,4,16,0.9
2000,4,17,12.9
2000,4,18,2.8
2000,4,19,8.0
2000,4,20,0.8
2000,4,21,28.1
2000,4,22,0.0
2000,4,23,2.6
2000,4,24,0.9
2000,4,25,0.6
2000,4,26,0.0
2000,4,27,37.5
2000,4,28,8.0
2000,4,29,0.0
2000,4,30,19.0
2000,5,1,0.0
2000,5,2,2.5
2000,5,3,27.3
2000,5,4,0.0
2000,5,5,7.9
2000,5,6,0.0
2000,5,7,0.0
2000,5,8,0.0
2000,5,9,0.0
2000,5,10,0.0
2000,5,11,0.0
2000,5,12,0.0
2000,5,13,0.0
2000,5,14,0.0
2000,5,15,14.8
2000,5,16,1.4
2000,5,17,0.0
2000,5,18,0.0
2000,5,19,0.0
2000,5,20,0.0
2000,5,21,0.0
2000,5,22,0.0
2000,5,23,0.0
2000,5,24,0.0
2000,5,25,0.0
2000,5,26,0.0
2000,5,27,4.2
2000,5,28,0.0
2000,5,29,17.8
2000,5,30,4.5
2000,5,31,0.0
2000,6,1,0.4
2000,6,2,6.3
2000,6,3,0.3
2000,6,4,0.3
2000,6,5,37.4
2000,6,6,3.3
2000,6,7,0.4
2000,6,8,0.0
2000,6,9,0.0
2000,6,10,0.2
2000,6,11,4.5
2000,6,12,0.0
2000,6,13,9.2
2000,6,14,0.0
2000,6,15,29.1
2000,6,16,0.2
2000,6,17,25.2
2000,6,18,10.5
2000,6,19,0.0
2000,6,20,1.3
2000,6,21,0.1
2000,6,22,0.0
2000,6,23,0.4
2000,6,24,1.6
2000,6,25,0.0
2000,6,26,0.0
2000,6,27,18.4
2000,6,28,0.5
2000,6,29,0.1
2000,6,30,5.6
2000,7,1,10.5
2000,7,2,0.0
2000,7,3,0.5
2000,7,4,14.8
2000,7,5,0.1
2000,7,6,0.0
2000,7,7,2.4
2000,7,8,1.0
2000,7,9,0.0
2000,7,10,0.0
2000,7,11,0.0
2000,7,12,0.0
2000,7,13,0.0
2000,7,14,0.0
2000,7,15,0.0
2000,7,16,0.0
2000,7,17,0.0
2000,7,18,10.2
2000,7,19,10.0
2000,7,20,0.0
2000,7,21,0.0
2000,7,22,0.3
2000,7,23,3.1
2000,7,24,21.0
2000,7,25,9.1
2000,7,26,0.0
2000,7,27,0.0
2000,7,28,0.8
2000,7,29,7.3
2000,7,30,0.0
2000,7,31,0.3
2000,8,1,3.9
2000,8,2,15.8
2000,8,3,0.4
2000,8,4,38.1
2000,8,5,5.6
2000,8,6,1.4
2000,8,7,0.0
2000,8,8,1.7
2000,8,9,0.0
2000,8,10,0.0
2000,8,11,9.3
2000,8,12,3.5
2000,8,13,0.0
2000,8,14,0.0
2000,8,15,25.8
2000,8,16,1.5
2000,8,17,0.0
2000,8,18,5.4
2000,8,19,0.0
2000,8,20,6.9
2000,8,21,0.6
2000,8,22,0.0
2000,8,23,0.0
2000,8,24,0.0
2000,8,25,0.0
2000,8,26,0.2
2000,8,27,10.4
2000,8,28,0.0
2000,8,29,0.0
2000,8,30,1.5
2000,8,31,0.1
2000,9,1,0.0
2000,9,2,0.0
2000,9,3,0.0
2000,9,4,16.1
2000,9,5,0.0
2000,9,6,0.0
2000,9,7,0.0
2000,9,8,0.0
2000,9,9,3.0
2000,9,10,0.2
2000,9,11,0.0
2000,9,12,0.0
2000,9,13,0.0
2000,9,14,0.0
2000,9,15,8.9
2000,9,16,0.0
2000,9,17,8.3
2000,9,18,2.2
2000,9,19,5.7
2000,9,20,5.6
2000,9,21,10.3
2000,9,22,4.8
2000,9,23,0.1
2000,9,24,0.0
2000,9,25,2.0
2000,9,26,0.0
2000,9,27,0.0
2000,9,28,0.4
2000,9,29,0.7
2000,9,30,2.9
2000,10,1,62.3
2000,10,2,8.8
2000,10,3,0.0
2000,10,4,27.0
2000,10,5,0.7
2000,10,6,0.7
2000,10,7,0.0
2000,10,8,6.7
2000,10,9,0.0
2000,10,10,0.0
2000,10,11,0.0
2000,10,12,0.0
2000,10,13,2.2
2000,10,14,1.6
2000,10,15,0.0
2000,10,16,8.0
2000,10,17,0.9
2000,10,18,9.6
2000,10,19,20.2
2000,10,20,1.1
2000,10,21,0.2
2000,10,22,0.0
2000,10,23,0.0
2000,10,24,0.2
2000,10,25,1.6
2000,10,26,0.0
2000,10,27,27.9
2000,10,28,0.0
2000,10,29,0.0
2000,10,30,0.3
2000,10,31,0.0
2000,11,1,0.0
2000,11,2,0.0
2000,11,3,0.4
2000,11,4,48.4
2000,11,5,0.2
2000,11,6,0.1
2000,11,7,21.5
2000,11,8,0.8
2000,11,9,8.7
2000,11,10,1.7
2000,11,11,10.7
2000,11,12,0.4
2000,11,13,2.2
2000,11,14,15.0
2000,11,15,12.6
2000,11,16,23.1
2000,11,17,0.0
2000,11,18,0.0
2000,11,19,18.3
2000,11,20,8.6
2000,11,21,57.5
2000,11,22,87.0
2000,11,23,3.2
2000,11,24,0.3
2000,11,25,0.0
2000,11,26,9.0
2000,11,27,16.6
2000,11,28,1.0
2000,11,29,0.9
2000,11,30,33.0
2000,12,1,0.0
2000,12,2,0.0
2000,12,3,0.0
2000,12,4,0.0
2000,12,5,3.0
2000,12,6,4.4
2000,12,7,0.0
2000,12,8,0.0
2000,12,9,0.0
2000,12,10,32.5
2000,12,11,75.0
2000,12,12,0.0
2000,12,13,0.0
2000,12,14,3.4
2000,12,15,31.4
2000,12,16,27.9
2000,12,17,0.0
2000,12,18,7.9
2000,12,19,36.3
2000,12,20,0.0
2000,12,21,15.5
2000,12,22,7.4
2000,12,23,11.2
2000,12,24,3.0
2000,12,25,3.9
2000,12,26,0.4
2000,12,27,0.2
2000,12,28,42.7
2000,12,29,17.9
2000,12,30,3.2
2000,12,31,0.0
2001,1,1,21.6
2001,1,2,1.9
2001,1,3,0.7
2001,1,4,2.2
2001,1,5,0.5
2001,1,6,30.7
2001,1,7,0.0
2001,1,8,28.3
2001,1,9,6.3
2001,1,10,0.0
2001,1,11,0.4
2001,1,12,1.9
2001,1,13,0.3
2001,1,14,0.4
2001,1,15,66.2
2001,1,16,69.3
2001,1,17,7.5
2001,1,18,0.0
2001,1,19,56.8
2001,1,20,0.3
2001,1,21,0.8
2001,1,22,10.0
2001,1,23,5.2
2001,1,24,1.1
2001,1,25,0.0
2001,1,26,0.1
2001,1,27,11.3
2001,1,28,0.4
2001,1,29,4.6
2001,1,30,2.3
2001,1,31,1.3
2001,2,1,0.0
2001,2,2,2.9
2001,2,3,0.0
2001,2,4,21.2
2001,2,5,0.0
2001,2,6,19.7
2001,2,7,0.0
2001,2,8,0.0
2001,2,9,0.0
2001,2,10,0.0
2001,2,11,0.7
2001,2,12,0.0
2001,2,13,6.1
2001,2,14,4.2
2001,2,15,0.0
2001,2,16,4.2
2001,2,17,0.0
2001,2,18,0.0
2001,2,19,0.0
2001,2,20,0.2
2001,2,21,0.0
2001,2,22,42.8
2001,2,23,0.0
2001,2,24,26.8
2001,2,25,0.0
2001,2,26,0.0
2001,2,27,0.0
2001,2,28,0.0
2001,3,1,0.0
2001,3,2,0.0
2001,3,3,16.4
2001,3,4,40.1
2001,3,5,0.0
2001,3,6,0.0
2001,3,7,46.4
2001,3,8,35.3
2001,3,9,6.1
2001,3,10,5.0
2001,3,11,0.8
2001,3,12,1.4
2001,3,13,0.0
2001,3,14,0.0
2001,3,15,0.0
2001,3,16,9.7
2001,3,17,3.0
2001,3,18,0.0
2001,3,19,2.0
2001,3,20,0.0
2001,3,21,0.2
2001,3,22,55.0
2001,3,23,25.7
2001,3,24,3.3
2001,3,25,12.5
2001,3,26,0.0
2001,3,27,0.0
2001,3,28,2.5
2001,3,29,0.0
2001,3,30,46.3
2001,3,31,29.5
2001,4,1,0.0
2001,4,2,58.7
2001,4,3,42.9
2001,4,4,0.0
2001,4,5,0.0
2001,4,6,1.0
2001,4,7,0.3
2001,4,8,30.0
2001,4,9,1.2
2001,4,10,7.6
2001,4,11,4.9
2001,4,12,3.6
2001,4,13,0.4
2001,4,14,0.0
2001,4,15,3.3
2001,4,16,4.1
2001,4,17,0.0
2001,4,18,0.0
2001,4,19,20.4
2001,4,20,0.0
2001,4,21,0.0
2001,4,22,0.0
2001,4,23,0.0
2001,4,24,0.0
2001,4,25,0.0
2001,4,26,0.0
2001,4,27,26.4
2001,4,28,25.9
2001,4,29,2.4
2001,4,30,0.0
2001,5,1,2.4
2001,5,2,0.0
2001,5,3,0.0
2001,5,4,0.0
2001,5,5,0.0
2001,5,6,0.0
2001,5,7,1.2
2001,5,8,0.0
2001,5,9,0.0
2001,5,10,0.8
2001,5,11,0.0
2001,5,12,8.4
2001,5,13,0.0
2001,5,14,0.0
2001,5,15,0.0
2001,5,16,0.0
2001,5,17,0.9
2001,5,18,0.8
2001,5,19,0.0
2001,5,20,0.0
2001,5,21,0.0
2001,5,22,2.2
2001,5,23,0.0
2001,5,24,0.0
2001,5,25,0.0
2001,5,26,0.3
2001,5,27,28.5
2001,5,28,14.1
2001,5,29,0.0
2001,5,30,10.7
2001,5,31,0.0
2001,6,1,0.0
2001,6,2,0.0
2001,6,3,15.9
2001,6,4,0.0
2001,6,5,0.0
2001,6,6,2.3
2001,6,7,1.5
2001,6,8,0.0
2001,6,9,0.0
2001,6,10,0.0
2001,6,11,0.7
2001,6,12,0.6
2001,6,13,10.6
2001,6,14,0.0
2001,6,15,71.3
2001,6,16,1.7
2001,6,17,0.0
2001,6,18,0.0
2001,6,19,0.3
2001,6,20,1.2
2001,6,21,0.0
2001,6,22,9.8
2001,6,23,0.0
2001,6,24,0.0
2001,6,25,23.0
2001,6,26,0.5
2001,6,27,0.0
2001,6,28,11.7
2001,6,29,1.9
2001,6,30,0.0
2001,7,1,0.0
2001,7,2,0.0
2001,7,3,0.0
2001,7,4,0.0
2001,7,5,0.0
2001,7,6,0.0
2001,7,7,0.0
2001,7,8,0.0
2001,7,9,0.0
2001,7,10,0.0
2001,7,11,0.0
2001,7,12,0.2
2001,7,13,0.0
2001,7,14,0.0
2001,7,15,15.5
2001,7,16,0.0
2001,7,17,0.0
2001,7,18,0.0
2001,7,19,0.0
2001,7,20,0.0
2001,7,21,0.0
2001,7,22,0.0
2001,7,23,0.0
2001,7,24,0.1
2001,7,25,1.4
2001,7,26,0.2
2001,7,27,0.0
2001,7,28,48.2
2001,7,29,0.3
2001,7,30,17.9
2001,7,31,18.2
2001,8,1,0.5
2001,8,2,2.0
2001,8,3,0.0
2001,8,4,7.2
2001,8,5,6.7
2001,8,6,0.0
2001,8,7,0.0
2001,8,8,9.5
2001,8,9,0.1
2001,8,10,15.6
2001,8,11,7.8
2001,8,12,0.0
2001,8,13,0.0
2001,8,14,0.0
2001,8,15,0.0
2001,8,16,0.0
2001,8,17,0.0
2001,8,18,0.0
2001,8,19,0.0
2001,8,20,2.0
2001,8,21,0.0
2001,8,22,0.0
2001,8,23,0.0
2001,8,24,0.0
2001,8,25,0.0
2001,8,26,1.7
2001,8,27,20.2
2001,8,28,0.0
2001,8,29,67.4
2001,8,30,0.9
2001,8,31,0.0
2001,9,1,0.0
2001,9,2,1.8
2001,9,3,46.3
2001,9,4,0.9
2001,9,5,0.9
2001,9,6,14.0
2001,9,7,1.1
2001,9,8,0.2
2001,9,9,1.7
2001,9,10,0.6
2001,9,11,0.0
2001,9,12,0.0
2001,9,13,0.0
2001,9,14,3.5
2001,9,15,0.0
2001,9,16,8.1
2001,9,17,0.5
2001,9,18,0.0
2001,9,19,28.3
2001,9,20,0.0
2001,9,21,0.0
2001,9,22,0.0
2001,9,23,1.3
2001,9,24,0.1
2001,9,25,1.2
2001,9,26,0.0
2001,9,27,5.2
2001,9,28,55.2
2001,9,29,0.2
2001,9,30,0.0
2001,10,1,20.4
2001,10,2,21.6
2001,10,3,4.2
2001,10,4,2.8
2001,10,5,0.0
2001,10,6,0.7
2001,10,7,8.7
2001,10,8,0.0
2001,10,9,0.0
2001,10,10,3.9
2001,10,11,0.6
2001,10,12,0.0
2001,10,13,0.0
2001,10,14,0.0
2001,10,15,78.7
2001,10,16,1.0
2001,10,17,2.0
2001,10,18,0.6
2001,10,19,0.0
2001,10,20,0.2
2001,10,21,43.8
2001,10,22,58.4
2001,10,23,0.7
2001,10,24,5.1
2001,10,25,0.1
2001,10,26,0.4
2001,10,27,0.3
2001,10,28,4.3
2001,10,29,83.7
2001,10,30,1.0
2001,10,31,25.9
2001,11,1,0.0
2001,11,2,8.8
2001,11,3,0.0
2001,11,4,0.2
2001,11,5,7.8
2001,11,6,0.0
2001,11,7,0.0
2001,11,8,0.3
2001,11,9,0.9
2001,11,10,0.0
2001,11,11,0.0
2001,11,12,1.3
2001,11,13,0.0
2001,11,14,24.6
2001,11,15,3.2
2001,11,16,0.8
2001,11,17,0.0
2001,11,18,0.0
2001,11,19,30.2
2001,11,20,0.6
2001,11,21,48.4
2001,11,22,0.0
2001,11,23,33.0
2001,11,24,0.0
2001,11,25,3.0
2001,11,26,0.0
2001,11,27,0.0
2001,11,28,0.0
2001,11,29,4.5
2001,11,30,3.3
2001,12,1,9.9
2001,12,2,34.4
2001,12,3,0.9
2001,12,4,0.0
2001,12,5,0.0
2001,12,6,0.0
2001,12,7,0.0
2001,12,8,0.0
2001,12,9,3.5
2001,12,10,18.0
2001,12,11,7.8
2001,12,12,45.3
2001,12,13,0.0
2001,12,14,34.0
2001,12,15,0.0
2001,12,16,0.0
2001,12,17,33.0
2001,12,18,0.3
2001,12,19,2.0
2001,12,20,20.9
2001,12,21,48.1
2001,12,22,0.0
2001,12,23,1.0
2001,12,24,16.3
2001,12,25,3.8
2001,12,26,33.0
2001,12,27,156.7
2001,12,28,0.0
2001,12,29,0.6
2001,12,30,2.0
2001,12,31,0.0
2002,1,1,0.0
2002,1,2,0.0
2002,1,3,0.0
2002,1,4,0.0
2002,1,5,0.5
2002,1,6,0.3
2002,1,7,0.0
2002,1,8,0.0
2002,1,9,20.4
2002,1,10,1.4
2002,1,11,0.4
2002,1,12,0.3
2002,1,13,0.0
2002,1,14,0.0
2002,1,15,0.0
2002,1,16,4.1
2002,1,17,9.6
2002,1,18,0.0
2002,1,19,0.0
2002,1,20,0.0
2002,1,21,0.0
2002,1,22,18.8
2002,1,23,25.9
2002,1,24,46.0
2002,1,25,8.6
2002,1,26,0.0
2002,1,27,0.0
2002,1,28,0.0
2002,1,29,0.0
2002,1,30,1.5
2002,1,31,0.0
2002,2,1,0.0
2002,2,2,0.0
2002,2,3,0.0
2002,2,4,0.0
2002,2,5,0.0
2002,2,6,0.0
2002,2,7,0.0
2002,2,8,0.0
2002,2,9,0.0
2002,2,10,0.0
2002,2,11,0.0
2002,2,12,0.7
2002,2,13,28.3
2002,2,14,0.0
2002,2,15,0.0
2002,2,16,0.0
2002,2,17,0.0
2002,2,18,0.0
2002,2,19,0.0
2002,2,20,0.0
2002,2,21,3.9
2002,2,22,34.9
2002,2,23,0.0
2002,2,24,0.0
2002,2,25,0.0
2002,2,26,0.0
2002,2,27,0.3
2002,2,28,0.0
2002,3,1,0.0
2002,3,2,0.0
2002,3,3,10.6
2002,3,4,0.0
2002,3,5,0.0
2002,3,6,0.0
2002,3,7,0.0
2002,3,8,0.0
2002,3,9,0.0
2002,3,10,0.0
2002,3,11,0.0
2002,3,12,0.0
2002,3,13,0.0
2002,3,14,1.1
2002,3,15,9.0
2002,3,16,0.0
2002,3,17,0.0
2002,3,18,11.8
2002,3,19,7.4
2002,3,20,34.1
2002,3,21,0.0
2002,3,22,0.0
2002,3,23,0.4
2002,3,24,0.0
2002,3,25,0.0
2002,3,26,4.0
2002,3,27,0.0
2002,3,28,0.0
2002,3,29,0.0
2002,3,30,23.0
2002,3,31,7.6
2002,4,1,0.4
2002,4,2,0.1
2002,4,3,0.0
2002,4,4,0.0
2002,4,5,38.2
2002,4,6,0.0
2002,4,7,10.4
2002,4,8,15.7
2002,4,9,29.4
2002,4,10,5.9
2002,4,11,0.0
2002,4,12,0.0
2002,4,13,0.0
2002,4,14,0.1
2002,4,15,4.5
2002,4,16,0.0
2002,4,17,0.0
2002,4,18,0.0
2002,4,19,0.0
2002,4,20,0.3
2002,4,21,0.0
2002,4,22,4.1
2002,4,23,22.5
2002,4,24,0.0
2002,4,25,0.0
2002,4,26,0.0
2002,4,27,4.2
2002,4,28,0.0
2002,4,29,3.7
2002,4,30,41.1
2002,5,1,0.0
2002,5,2,18.9
2002,5,3,0.6
2002,5,4,12.2
2002,5,5,19.8
2002,5,6,65.6
2002,5,7,6.1
2002,5,8,3.9
2002,5,9,0.0
2002,5,10,0.0
2002,5,11,36.8
2002,5,12,0.0
2002,5,13,0.0
2002,5,14,0.0
2002,5,15,0.0
2002,5,16,0.0
2002,5,17,0.0
2002,5,18,0.0
2002,5,19,0.0
2002,5,20,3.2
2002,5,21,0.0
2002,5,22,0.0
2002,5,23,25.6
2002,5,24,0.0
2002,5,25,3.4
2002,5,26,4.7
2002,5,27,0.2
2002,5,28,0.0
2002,5,29,0.2
2002,5,30,0.0
2002,5,31,2.3
2002,6,1,0.0
2002,6,2,0.0
2002,6,3,0.4
2002,6,4,0.0
2002,6,5,0.1
2002,6,6,0.0
2002,6,7,0.0
2002,6,8,0.0
2002,6,9,1.3
2002,6,10,48.0
2002,6,11,12.0
2002,6,12,21.4
2002,6,13,0.0
2002,6,14,0.0
2002,6,15,0.0
2002,6,16,1.2
2002,6,17,0.1
2002,6,18,0.0
2002,6,19,0.0
2002,6,20,0.0
2002,6,21,0.0
2002,6,22,0.4
2002,6,23,0.0
2002,6,24,0.1
2002,6,25,0.2
2002,6,26,0.0
2002,6,27,0.0
2002,6,28,0.4
2002,6,29,0.0
2002,6,30,29.9
2002,7,1,52.4
2002,7,2,0.2
2002,7,3,0.0
2002,7,4,0.0
2002,7,5,0.0
2002,7,6,0.0
2002,7,7,0.0
2002,7,8,0.0
2002,7,9,0.0
2002,7,10,16.7
2002,7,11,47.2
2002,7,12,0.0
2002,7,13,7.1
2002,7,14,0.0
2002,7,15,0.0
2002,7,16,0.0
2002,7,17,0.0
2002,7,18,0.7
2002,7,19,0.0
2002,7,20,0.0
2002,7,21,0.1
2002,7,22,0.0
2002,7,23,5.7
2002,7,24,0.0
2002,7,25,0.9
2002,7,26,0.0
2002,7,27,2.3
2002,7,28,8.4
2002,7,29,26.0
2002,7,30,0.0
2002,7,31,0.0
2002,8,1,0.0
2002,8,2,0.0
2002,8,3,0.0
2002,8,4,6.3
2002,8,5,10.4
2002,8,6,0.0
2002,8,7,0.0
2002,8,8,0.0
2002,8,9,0.0
2002,8,10,0.0
2002,8,11,1.3
2002,8,12,0.7
2002,8,13,0.0
2002,8,14,0.0
2002,8,15,0.0
2002,8,16,0.0
2002,8,17,0.0
2002,8,18,0.0
2002,8,19,10.3
2002,8,20,0.0
2002,8,21,0.3
2002,8,22,0.0
2002,8,23,51.4
2002,8,24,0.5
2002,8,25,0.0
2002,8,26,15.5
2002,8,27,0.2
2002,8,28,30.4
2002,8,29,10.1
2002,8,30,8.6
2002,8,31,3.7
2002,9,1,0.0
2002,9,2,0.1
2002,9,3,2.1
2002,9,4,0.3
2002,9,5,0.0
2002,9,6,2.8
2002,9,7,0.7
2002,9,8,23.4
2002,9,9,29.5
2002,9,10,13.7
2002,9,11,0.2
2002,9,12,0.0
2002,9,13,0.0
2002,9,14,0.0
2002,9,15,0.0
2002,9,16,0.0
2002,9,17,1.9
2002,9,18,13.0
2002,9,19,0.0
2002,9,20,0.0
2002,9,21,0.0
2002,9,22,0.0
2002,9,23,0.0
2002,9,24,0.0
2002,9,25,0.2
2002,9,26,5.5
2002,9,27,14.5
2002,9,28,0.0
2002,9,29,23.8
2002,9,30,0.0
2002,10,1,0.0
2002,10,2,0.0
2002,10,3,0.0
2002,10,4,0.0
2002,10,5,0.0
2002,10,6,1.6
2002,10,7,0.0
2002,10,8,0.0
2002,10,9,0.0
2002,10,10,0.0
2002,10,11,0.0
2002,10,12,0.5
2002,10,13,0.0
2002,10,14,0.0
2002,10,15,0.0
2002,10,16,0.1
2002,10,17,0.0
2002,10,18,0.0
2002,10,19,1.6
2002,10,20,0.1
2002,10,21,0.0
2002,10,22,0.0
2002,10,23,0.0
2002,10,24,17.5
2002,10,25,0.3
2002,10,26,0.0
2002,10,27,1.6
2002,10,28,0.0
2002,10,29,8.3
2002,10,30,2.9
2002,10,31,0.0
2002,11,1,0.0
2002,11,2,9.0
2002,11,3,0.0
2002,11,4,0.0
2002,11,5,20.9
2002,11,6,0.5
2002,11,7,0.9
2002,11,8,0.0
2002,11,9,0.0
2002,11,10,103.0
2002,11,11,0.0
2002,11,12,0.0
2002,11,13,84.3
2002,11,14,0.0
2002,11,15,0.0
2002,11,16,0.0
2002,11,17,15.0
2002,11,18,31.0
2002,11,19,19.2
2002,11,20,3.9
2002,11,21,5.2
2002,11,22,0.0
2002,11,23,0.0
2002,11,24,54.5
2002,11,25,0.0
2002,11,26,0.0
2002,11,27,0.0
2002,11,28,15.6
2002,11,29,0.2
2002,11,30,0.0
2002,12,1,0.0
2002,12,2,6.0
2002,12,3,1.6
2002,12,4,0.0
2002,12,5,0.5
2002,12,6,0.6
2002,12,7,52.7
2002,12,8,4.0
2002,12,9,9.1
2002,12,10,0.0
2002,12,11,0.0
2002,12,12,7.1
2002,12,13,33.0
2002,12,14,31.3
2002,12,15,7.7
2002,12,16,0.1
2002,12,17,1.0
2002,12,18,0.0
2002,12,19,0.9
2002,12,20,39.9
2002,12,21,10.4
2002,12,22,46.5
2002,12,23,9.9
2002,12,24,8.8
2002,12,25,27.6
2002,12,26,7.2
2002,12,27,0.0
2002,12,28,0.0
2002,12,29,0.1
2002,12,30,0.0
2002,12,31,2.0
2003,1,1,15.9
2003,1,2,26.5
2003,1,3,0.5
2003,1,4,3.0
2003,1,5,4.7
2003,1,6,0.0
2003,1,7,29.6
2003,1,8,28.9
2003,1,9,0.0
2003,1,10,1.0
2003,1,11,9.6
2003,1,12,11.5
2003,1,13,0.0
2003,1,14,0.0
2003,1,15,0.0
2003,1,16,0.0
2003,1,17,3.3
2003,1,18,6.2
2003,1,19,68.2
2003,1,20,21.5
2003,1,21,0.0
2003,1,22,1.1
2003,1,23,0.0
2003,1,24,0.0
2003,1,25,0.0
2003,1,26,0.0
2003,1,27,0.0
2003,1,28,0.0
2003,1,29,7.4
2003,1,30,7.7
2003,1,31,98.4
2003,2,1,0.2
2003,2,2,14.0
2003,2,3,3.2
2003,2,4,0.0
2003,2,5,3.4
2003,2,6,0.5
2003,2,7,1.1
2003,2,8,0.0
2003,2,9,0.0
2003,2,10,0.0
2003,2,11,0.0
2003,2,12,0.0
2003,2,13,0.1
2003,2,14,36.2
2003,2,15,38.8
2003,2,16,19.1
2003,2,17,2.9
2003,2,18,16.7
2003,2,19,2.1
2003,2,20,0.0
2003,2,21,0.0
2003,2,22,8.6
2003,2,23,0.0
2003,2,24,0.0
2003,2,25,25.4
2003,2,26,0.0
2003,2,27,0.0
2003,2,28,2.2
2003,3,1,0.0
2003,3,2,0.0
2003,3,3,0.0
2003,3,4,0.0
2003,3,5,0.0
2003,3,6,0.0
2003,3,7,0.0
2003,3,8,66.6
2003,3,9,14.6
2003,3,10,0.0
2003,3,11,18.1
2003,3,12,26.7
2003,3,13,6.9
2003,3,14,0.0
2003,3,15,0.0
2003,3,16,0.0
2003,3,17,0.0
2003,3,18,0.0
2003,3,19,0.0
2003,3,20,9.9
2003,3,21,0.0
2003,3,22,0.0
2003,3,23,0.0
2003,3,24,0.0
2003,3,25,0.0
2003,3,26,66.9
2003,3,27,0.5
2003,3,28,5.3
2003,3,29,3.8
2003,3,30,0.0
2003,3,31,0.0
2003,4,1,1.0
2003,4,2,0.1
2003,4,3,25.7
2003,4,4,16.6
2003,4,5,0.0
2003,4,6,27.3
2003,4,7,0.2
2003,4,8,57.8
2003,4,9,0.0
2003,4,10,0.0
2003,4,11,27.7
2003,4,12,22.3
2003,4,13,24.3
2003,4,14,25.2
2003,4,15,0.4
2003,4,16,7.7
2003,4,17,1.7
2003,4,18,20.5
2003,4,19,4.1
2003,4,20,0.3
2003,4,21,0.1
2003,4,22,4.5
2003,4,23,3.1
2003,4,24,3.7
2003,4,25,34.4
2003,4,26,42.2
2003,4,27,0.0
2003,4,28,0.2
2003,4,29,0.0
2003,4,30,4.5
2003,5,1,0.7
2003,5,2,19.9
2003,5,3,47.9
2003,5,4,0.0
2003,5,5,0.0
2003,5,6,0.0
2003,5,7,2.1
2003,5,8,0.0
2003,5,9,15.0
2003,5,10,0.5
2003,5,11,3.0
2003,5,12,0.0
2003,5,13,0.9
2003,5,14,0.0
2003,5,15,0.0
2003,5,16,0.0
2003,5,17,0.0
2003,5,18,0.0
2003,5,19,0.0
2003,5,20,0.0
2003,5,21,0.0
2003,5,22,0.0
2003,5,23,0.0
2003,5,24,0.0
2003,5,25,0.0
2003,5,26,0.0
2003,5,27,0.0
2003,5,28,0.0
2003,5,29,0.0
2003,5,30,14.4
2003,5,31,0.0
2003,6,1,0.0
2003,6,2,0.0
2003,6,3,0.0
2003,6,4,0.0
2003,6,5,2.2
2003,6,6,0.0
2003,6,7,0.0
2003,6,8,1.3
2003,6,9,0.0
2003,6,10,0.0
2003,6,11,4.4
2003,6,12,13.4
2003,6,13,31.5
2003,6,14,0.0
2003,6,15,1.2
2003,6,16,1.5
2003,6,17,19.0
2003,6,18,0.0
2003,6,19,0.0
2003,6,20,0.0
2003,6,21,0.0
2003,6,22,0.0
2003,6,23,0.1
2003,6,24,3.9
2003,6,25,2.7
2003,6,26,0.1
2003,6,27,0.6
2003,6,28,0.0
2003,6,29,0.1
2003,6,30,0.0
2003,7,1,0.3
2003,7,2,0.0
2003,7,3,51.3
2003,7,4,11.7
2003,7,5,0.0
2003,7,6,0.0
2003,7,7,0.0
2003,7,8,6.9
2003,7,9,0.0
2003,7,10,0.0
2003,7,11,1.6
2003,7,12,2.2
2003,7,13,0.0
2003,7,14,0.0
2003,7,15,37.2
2003,7,16,22.0
2003,7,17,7.4
2003,7,18,5.6
2003,7,19,3.3
2003,7,20,0.6
2003,7,21,0.0
2003,7,22,0.0
2003,7,23,0.0
2003,7,24,0.0
2003,7,25,0.0
2003,7,26,0.2
2003,7,27,20.5
2003,7,28,0.0
2003,7,29,7.0
2003,7,30,0.0
2003,7,31,0.0
2003,8,1,0.0
2003,8,2,0.1
2003,8,3,1.2
2003,8,4,0.0
2003,8,5,1.2
2003,8,6,4.1
2003,8,7,0.0
2003,8,8,0.0
2003,8,9,0.0
2003,8,10,0.0
2003,8,11,0.0
2003,8,12,1.9
2003,8,13,10.7
2003,8,14,1.3
2003,8,15,0.0
2003,8,16,71.8
2003,8,17,0.0
2003,8,18,0.0
2003,8,19,0.0
2003,8,20,1.1
2003,8,21,0.0
2003,8,22,0.0
2003,8,23,12.5
2003,8,24,0.1
2003,8,25,14.8
2003,8,26,49.8
2003,8,27,1.2
2003,8,28,0.3
2003,8,29,1.2
2003,8,30,26.8
2003,8,31,0.0
2003,9,1,65.8
2003,9,2,1.4
2003,9,3,0.0
2003,9,4,0.0
2003,9,5,0.0
2003,9,6,0.0
2003,9,7,0.0
2003,9,8,11.9
2003,9,9,0.0
2003,9,10,0.0
2003,9,11,0.2
2003,9,12,33.1
2003,9,13,0.0
2003,9,14,0.0
2003,9,15,0.1
2003,9,16,0.0
2003,9,17,0.2
2003,9,18,5.1
2003,9,19,0.0
2003,9,20,5.2
2003,9,21,28.9
2003,9,22,0.0
2003,9,23,0.0
2003,9,24,16.2
2003,9,25,76.5
2003,9,26,0.0
2003,9,27,0.0
2003,9,28,0.0
2003,9,29,0.3
2003,9,30,0.4
2003,10,1,0.0
2003,10,2,13.5
2003,10,3,1.0
2003,10,4,3.5
2003,10,5,5.7
2003,10,6,17.4
2003,10,7,5.4
2003,10,8,63.7
2003,10,9,21.5
2003,10,10,40.8
2003,10,11,44.4
2003,10,12,0.1
2003,10,13,37.2
2003,10,14,11.7
2003,10,15,0.8
2003,10,16,0.0
2003,10,17,28.9
2003,10,18,0.0
2003,10,19,52.6
2003,10,20,2.0
2003,10,21,0.0
2003,10,22,0.0
2003,10,23,0.0
2003,10,24,0.0
2003,10,25,1.0
2003,10,26,0.0
2003,10,27,0.0
2003,10,28,1.4
2003,10,29,0.0
2003,10,30,1.3
2003,10,31,6.6
2003,11,1,0.0
2003,11,2,15.9
2003,11,3,0.0
2003,11,4,2.5
2003,11,5,21.7
2003,11,6,0.0
2003,11,7,0.0
2003,11,8,2.6
2003,11,9,15.6
2003,11,10,0.0
2003,11,11,0.0
2003,11,12,9.4
2003,11,13,0.0
2003,11,14,0.0
2003,11,15,0.0
2003,11,16,2.7
2003,11,17,0.1
2003,11,18,4.5
2003,11,19,1.5
2003,11,20,1.3
2003,11,21,16.9
2003,11,22,0.3
2003,11,23,0.0
2003,11,24,13.6
2003,11,25,8.5
2003,11,26,0.0
2003,11,27,1.2
2003,11,28,8.5
2003,11,29,9.0
2003,11,30,3.5
2003,12,1,3.3
2003,12,2,19.9
2003,12,3,0.0
2003,12,4,0.0
2003,12,5,2.6
2003,12,6,0.0
2003,12,7,0.0
2003,12,8,0.1
2003,12,9,0.4
2003,12,10,8.9
2003,12,11,74.0
2003,12,12,5.2
2003,12,13,1.9
2003,12,14,4.0
2003,12,15,0.0
2003,12,16,56.3
2003,12,17,0.8
2003,12,18,2.5
2003,12,19,3.3
2003,12,20,56.3
2003,12,21,0.2
2003,12,22,0.3
2003,12,23,2.9
2003,12,24,0.0
2003,12,25,6.6
2003,12,26,2.2
2003,12,27,0.0
2003,12,28,0.0
2003,12,29,0.0
2003,12,30,4.2
2003,12,31,0.0
2004,1,1,0.0
2004,1,2,0.0
2004,1,3,0.0
2004,1,4,0.0
2004,1,5,7.6
2004,1,6,0.1
2004,1,7,7.9
2004,1,8,0.0
2004,1,9,0.0
2004,1,10,2.2
2004,1,11,18.8
2004,1,12,0.0
2004,1,13,0.6
2004,1,14,2.5
2004,1,15,0.1
2004,1,16,0.0
2004,1,17,0.0
2004,1,18,0.0
2004,1,19,41.4
2004,1,20,0.0
2004,1,21,0.0
2004,1,22,0.0
2004,1,23,54.3
2004,1,24,169.4
2004,1,25,1.3
2004,1,26,1.4
2004,1,27,34.2
2004,1,28,40.5
2004,1,29,62.7
2004,1,30,0.0
2004,1,31,0.0
2004,2,1,12.7
2004,2,2,6.2
2004,2,3,0.0
2004,2,4,0.0
2004,2,5,0.6
2004,2,6,13.9
2004,2,7,0.0
2004,2,8,0.0
2004,2,9,0.0
2004,2,10,0.0
2004,2,11,0.0
2004,2,12,0.0
2004,2,13,0.0
2004,2,14,0.0
2004,2,15,0.0
2004,2,16,0.0
2004,2,17,0.0
2004,2,18,2.7
2004,2,19,0.0
2004,2,20,0.0
2004,2,21,0.0
2004,2,22,0.0
2004,2,23,0.0
2004,2,24,0.0
2004,2,25,0.0
2004,2,26,0.0
2004,2,27,0.0
2004,2,28,0.0
2004,2,29,10.4
2004,3,1,0.0
2004,3,2,8.5
2004,3,3,3.2
2004,3,4,14.8
2004,3,5,0.0
2004,3,6,0.0
2004,3,7,25.8
2004,3,8,234.2
2004,3,9,2.8
2004,3,10,91.3
2004,3,11,13.3
2004,3,12,35.7
2004,3,13,11.8
2004,3,14,0.0
2004,3,15,5.7
2004,3,16,37.3
2004,3,17,0.0
2004,3,18,7.4
2004,3,19,12.3
2004,3,20,0.0
2004,3,21,12.8
2004,3,22,0.0
2004,3,23,1.8
2004,3,24,0.0
2004,3,25,9.4
2004,3,26,3.3
2004,3,27,0.0
2004,3,28,0.0
2004,3,29,0.0
2004,3,30,0.0
2004,3,31,0.0
2004,4,1,0.0
2004,4,2,19.5
2004,4,3,0.0
2004,4,4,22.2
2004,4,5,0.0
2004,4,6,0.8
2004,4,7,0.0
2004,4,8,0.0
2004,4,9,0.0
2004,4,10,0.0
2004,4,11,0.0
2004,4,12,0.0
2004,4,13,0.0
2004,4,14,0.0
2004,4,15,5.7
2004,4,16,0.0
2004,4,17,0.0
2004,4,18,0.0
2004,4,19,0.0
2004,4,20,0.0
2004,4,21,0.0
2004,4,22,0.0
2004,4,23,26.2
2004,4,24,44.1
2004,4,25,0.1
2004,4,26,3.5
2004,4,27,0.0
2004,4,28,13.8
2004,4,29,0.8
2004,4,30,0.0
2004,5,1,0.0
2004,5,2,2.0
2004,5,3,0.0
2004,5,4,0.0
2004,5,5,93.7
2004,5,6,14.4
2004,5,7,0.0
2004,5,8,0.0
2004,5,9,0.0
2004,5,10,0.0
2004,5,11,5.4
2004,5,12,1.2
2004,5,13,0.0
2004,5,14,0.0
2004,5,15,0.0
2004,5,16,0.0
2004,5,17,0.0
2004,5,18,0.4
2004,5,19,0.0
2004,5,20,0.0
2004,5,21,0.0
2004,5,22,0.0
2004,5,23,8.3
2004,5,24,0.1
2004,5,25,0.0
2004,5,26,2.2
2004,5,27,4.7
2004,5,28,1.8
2004,5,29,3.2
2004,5,30,12.4
2004,5,31,0.3
2004,6,1,0.2
2004,6,2,8.5
2004,6,3,3.3
2004,6,4,29.7
2004,6,5,0.4
2004,6,6,1.0
2004,6,7,2.0
2004,6,8,0.0
2004,6,9,42.2
2004,6,10,0.0
2004,6,11,0.0
2004,6,12,0.0
2004,6,13,0.0
2004,6,14,0.0
2004,6,15,0.0
2004,6,16,0.0
2004,6,17,0.0
2004,6,18,0.0
2004,6,19,0.0
2004,6,20,0.0
2004,6,21,0.0
2004,6,22,0.0
2004,6,23,0.0
2004,6,24,0.0
2004,6,25,0.0
2004,6,26,0.0
2004,6,27,0.0
2004,6,28,5.0
2004,6,29,63.9
2004,6,30,0.9
2004,7,1,14.9
2004,7,2,3.4
2004,7,3,0.0
2004,7,4,2.9
2004,7,5,5.8
2004,7,6,4.4
2004,7,7,4.1
2004,7,8,6.3
2004,7,9,0.0
2004,7,10,0.3
2004,7,11,1.6
2004,7,12,16.3
2004,7,13,3.1
2004,7,14,57.9
2004,7,15,5.2
2004,7,16,24.8
2004,7,17,0.0
2004,7,18,2.6
2004,7,19,0.0
2004,7,20,31.0
2004,7,21,0.1
2004,7,22,0.0
2004,7,23,33.1
2004,7,24,8.9
2004,7,25,0.0
2004,7,26,0.0
2004,7,27,0.1
2004,7,28,0.3
2004,7,29,3.7
2004,7,30,0.0
2004,7,31,33.1
2004,8,1,12.8
2004,8,2,0.4
2004,8,3,0.0
2004,8,4,0.0
2004,8,5,0.0
2004,8,6,0.0
2004,8,7,0.0
2004,8,8,0.0
2004,8,9,0.0
2004,8,10,0.0
2004,8,11,0.0
2004,8,12,0.0
2004,8,13,0.0
2004,8,14,0.0
2004,8,15,0.0
2004,8,16,0.0
2004,8,17,0.0
2004,8,18,1.6
2004,8,19,0.0
2004,8,20,10.2
2004,8,21,0.0
2004,8,22,0.0
2004,8,23,0.0
2004,8,24,0.6
2004,8,25,44.9
2004,8,26,0.0
2004,8,27,0.0
2004,8,28,0.0
2004,8,29,0.0
2004,8,30,0.0
2004,8,31,0.0
2004,9,1,0.9
2004,9,2,2.0
2004,9,3,0.0
2004,9,4,0.0
2004,9,5,6.6
2004,9,6,4.6
2004,9,7,0.0
2004,9,8,0.2
2004,9,9,0.0
2004,9,10,0.0
2004,9,11,0.0
2004,9,12,0.7
2004,9,13,0.3
2004,9,14,11.4
2004,9,15,2.2
2004,9,16,2.3
2004,9,17,0.0
2004,9,18,0.0
2004,9,19,2.0
2004,9,20,0.0
2004,9,21,8.8
2004,9,22,0.0
2004,9,23,0.0
2004,9,24,0.0
2004,9,25,0.3
2004,9,26,0.0
2004,9,27,16.4
2004,9,28,0.3
2004,9,29,15.3
2004,9,30,8.4
2004,10,1,0.0
2004,10,2,0.0
2004,10,3,0.0
2004,10,4,0.0
2004,10,5,0.0
2004,10,6,0.0
2004,10,7,0.0
2004,10,8,0.0
2004,10,9,0.1
2004,10,10,0.0
2004,10,11,0.0
2004,10,12,0.0
2004,10,13,0.0
2004,10,14,0.0
2004,10,15,0.0
2004,10,16,0.0
2004,10,17,1.1
2004,10,18,5.5
2004,10,19,0.3
2004,10,20,0.0
2004,10,21,1.1
2004,10,22,13.3
2004,10,23,1.7
2004,10,24,1.2
2004,10,25,6.3
2004,10,26,3.1
2004,10,27,10.3
2004,10,28,2.2
2004,10,29,6.2
2004,10,30,0.0
2004,10,31,0.0
2004,11,1,29.5
2004,11,2,0.0
2004,11,3,14.1
2004,11,4,53.2
2004,11,5,3.3
2004,11,6,0.0
2004,11,7,0.0
2004,11,8,0.0
2004,11,9,0.7
2004,11,10,6.3
2004,11,11,0.0
2004,11,12,0.5
2004,11,13,6.4
2004,11,14,1.8
2004,11,15,0.0
2004,11,16,5.2
2004,11,17,6.7
2004,11,18,0.0
2004,11,19,27.5
2004,11,20,0.0
2004,11,21,9.6
2004,11,22,0.0
2004,11,23,43.3
2004,11,24,9.6
2004,11,25,3.2
2004,11,26,4.8
2004,11,27,0.1
2004,11,28,37.8
2004,11,29,0.3
2004,11,30,2.6
2004,12,1,0.0
2004,12,2,3.3
2004,12,3,0.0
2004,12,4,0.0
2004,12,5,1.2
2004,12,6,3.4
2004,12,7,1.1
2004,12,8,11.2
2004,12,9,0.0
2004,12,10,34.2
2004,12,11,8.1
2004,12,12,1.5
2004,12,13,1.8
2004,12,14,0.0
2004,12,15,0.0
2004,12,16,26.2
2004,12,17,9.9
2004,12,18,0.4
2004,12,19,0.0
2004,12,20,0.0
2004,12,21,0.0
2004,12,22,0.0
2004,12,23,4.4
2004,12,24,0.0
2004,12,25,0.2
2004,12,26,0.0
2004,12,27,0.7
2004,12,28,11.9
2004,12,29,0.0
2004,12,30,19.0
2004,12,31,27.4
2005,1,1,6.3
2005,1,2,63.5
2005,1,3,0.1
2005,1,4,7.8
2005,1,5,6.4
2005,1,6,0.0
2005,1,7,1.5
2005,1,8,5.4
2005,1,9,4.0
2005,1,10,4.5
2005,1,11,0.0
2005,1,12,0.0
2005,1,13,0.0
2005,1,14,0.0
2005,1,15,0.0
2005,1,16,0.0
2005,1,17,7.2
2005,1,18,0.0
2005,1,19,0.0
2005,1,20,0.0
2005,1,21,0.0
2005,1,22,0.0
2005,1,23,0.0
2005,1,24,0.0
2005,1,25,0.0
2005,1,26,0.0
2005,1,27,0.0
2005,1,28,0.0
2005,1,29,0.0
2005,1,30,0.0
2005,1,31,0.0
2005,2,1,0.0
2005,2,2,0.0
2005,2,3,1.5
2005,2,4,0.0
2005,2,5,0.0
2005,2,6,0.0
2005,2,7,0.0
2005,2,8,0.0
2005,2,9,0.0
2005,2,10,0.0
2005,2,11,0.0
2005,2,12,0.0
2005,2,13,1.9
2005,2,14,0.0
2005,2,15,0.0
2005,2,16,0.0
2005,2,17,0.0
2005,2,18,13.7
2005,2,19,0.0
2005,2,20,0.0
2005,2,21,0.0
2005,2,22,0.0
2005,2,23,0.0
2005,2,24,0.0
2005,2,25,0.0
2005,2,26,17.2
2005,2,27,3.0
2005,2,28,38.8
2005,3,1,8.7
2005,3,2,17.9
2005,3,3,10.8
2005,3,4,0.0
2005,3,5,0.0
2005,3,6,5.4
2005,3,7,0.0
2005,3,8,0.0
2005,3,9,0.0
2005,3,10,0.1
2005,3,11,0.0
2005,3,12,0.0
2005,3,13,0.0
2005,3,14,0.0
2005,3,15,0.0
2005,3,16,0.0
2005,3,17,0.0
2005,3,18,0.0
2005,3,19,0.1
2005,3,20,0.0
2005,3,21,0.0
2005,3,22,0.0
2005,3,23,8.3
2005,3,24,0.0
2005,3,25,0.0
2005,3,26,4.5
2005,3,27,0.7
2005,3,28,0.0
2005,3,29,27.7
2005,3,30,3.4
2005,3,31,3.2
2005,4,1,0.0
2005,4,2,11.4
2005,4,3,8.3
2005,4,4,61.4
2005,4,5,19.7
2005,4,6,77.8
2005,4,7,0.0
2005,4,8,0.5
2005,4,9,0.0
2005,4,10,0.0
2005,4,11,7.9
2005,4,12,0.0
2005,4,13,0.0
2005,4,14,0.0
2005,4,15,5.7
2005,4,16,0.2
2005,4,17,0.0
2005,4,18,57.8
2005,4,19,0.0
2005,4,20,38.6
2005,4,21,2.4
2005,4,22,0.0
2005,4,23,0.0
2005,4,24,0.0
2005,4,25,0.0
2005,4,26,0.0
2005,4,27,0.1
2005,4,28,11.5
2005,4,29,0.0
2005,4,30,0.0
2005,5,1,0.3
2005,5,2,0.0
2005,5,3,0.0
2005,5,4,0.0
2005,5,5,29.3
2005,5,6,0.0
2005,5,7,9.3
2005,5,8,51.8
2005,5,9,0.0
2005,5,10,3.5
2005,5,11,25.5
2005,5,12,1.1
2005,5,13,0.0
2005,5,14,57.0
2005,5,15,20.5
2005,5,16,2.7
2005,5,17,13.7
2005,5,18,2.7
2005,5,19,20.8
2005,5,20,0.0
2005,5,21,3.5
2005,5,22,0.0
2005,5,23,0.0
2005,5,24,12.4
2005,5,25,11.6
2005,5,26,0.5
2005,5,27,8.9
2005,5,28,0.0
2005,5,29,24.1
2005,5,30,0.0
2005,5,31,0.0
2005,6,1,0.0
2005,6,2,0.0
2005,6,3,0.0
2005,6,4,0.0
2005,6,5,0.0
2005,6,6,0.2
2005,6,7,3.2
2005,6,8,0.2
2005,6,9,0.0
2005,6,10,19.4
2005,6,11,0.1
2005,6,12,0.0
2005,6,13,0.0
2005,6,14,4.4
2005,6,15,9.4
2005,6,16,0.0
2005,6,17,25.5
2005,6,18,0.0
2005,6,19,24.0
2005,6,20,17.6
2005,6,21,3.1
2005,6,22,0.0
2005,6,23,0.0
2005,6,24,10.4
2005,6,25,0.0
2005,6,26,0.0
2005,6,27,0.6
2005,6,28,0.5
2005,6,29,2.6
2005,6,30,0.0
2005,7,1,0.0
2005,7,2,0.0
2005,7,3,1.8
2005,7,4,0.0
2005,7,5,0.0
2005,7,6,0.0
2005,7,7,0.0
2005,7,8,0.0
2005,7,9,0.0
2005,7,10,21.8
2005,7,11,0.0
2005,7,12,17.3
2005,7,13,0.0
2005,7,14,0.1
2005,7,15,32.6
2005,7,16,19.0
2005,7,17,0.0
2005,7,18,44.0
2005,7,19,24.9
2005,7,20,0.0
2005,7,21,0.0
2005,7,22,0.0
2005,7,23,0.1
2005,7,24,0.1
2005,7,25,88.9
2005,7,26,1.3
2005,7,27,0.0
2005,7,28,0.0
2005,7,29,0.0
2005,7,30,38.4
2005,7,31,0.0
2005,8,1,0.0
2005,8,2,0.3
2005,8,3,0.9
2005,8,4,30.9
2005,8,5,0.0
2005,8,6,0.0
2005,8,7,0.0
2005,8,8,11.3
2005,8,9,1.7
2005,8,10,0.0
2005,8,11,42.6
2005,8,12,0.0
2005,8,13,0.0
2005,8,14,0.4
2005,8,15,0.0
2005,8,16,0.0
2005,8,17,0.0
2005,8,18,4.1
2005,8,19,0.0
2005,8,20,1.7
2005,8,21,7.8
2005,8,22,0.0
2005,8,23,36.5
2005,8,24,0.0
2005,8,25,0.3
2005,8,26,0.3
2005,8,27,0.0
2005,8,28,0.0
2005,8,29,0.0
2005,8,30,0.4
2005,8,31,0.0
2005,9,1,0.0
2005,9,2,4.9
2005,9,3,0.0
2005,9,4,19.8
2005,9,5,0.0
2005,9,6,0.0
2005,9,7,12.9
2005,9,8,0.6
2005,9,9,0.0
2005,9,10,10.5
2005,9,11,0.0
2005,9,12,56.8
2005,9,13,2.0
2005,9,14,0.0
2005,9,15,2.1
2005,9,16,4.0
2005,9,17,31.5
2005,9,18,0.7
2005,9,19,2.0
2005,9,20,1.9
2005,9,21,0.0
2005,9,22,11.0
2005,9,23,0.0
2005,9,24,0.0
2005,9,25,0.1
2005,9,26,0.4
2005,9,27,0.0
2005,9,28,3.1
2005,9,29,0.0
2005,9,30,10.3
2005,10,1,0.0
2005,10,2,1.8
2005,10,3,37.8
2005,10,4,84.8
2005,10,5,0.1
2005,10,6,0.1
2005,10,7,0.0
2005,10,8,14.8
2005,10,9,6.7
2005,10,10,0.1
2005,10,11,0.0
2005,10,12,8.4
2005,10,13,1.2
2005,10,14,4.1
2005,10,15,0.0
2005,10,16,27.8
2005,10,17,0.0
2005,10,18,7.7
2005,10,19,0.3
2005,10,20,3.2
2005,10,21,15.0
2005,10,22,59.3
2005,10,23,0.0
2005,10,24,0.0
2005,10,25,33.8
2005,10,26,0.2
2005,10,27,70.0
2005,10,28,0.0
2005,10,29,0.0
2005,10,30,0.1
2005,10,31,17.9
2005,11,1,1.0
2005,11,2,3.6
2005,11,3,23.6
2005,11,4,5.1
2005,11,5,10.7
2005,11,6,1.0
2005,11,7,0.9
2005,11,8,0.0
2005,11,9,6.3
2005,11,10,3.2
2005,11,11,21.3
2005,11,12,0.0
2005,11,13,0.0
2005,11,14,6.8
2005,11,15,8.8
2005,11,16,13.8
2005,11,17,1.4
2005,11,18,12.5
2005,11,19,0.0
2005,11,20,5.4
2005,11,21,0.7
2005,11,22,45.1
2005,11,23,2.1
2005,11,24,28.3
2005,11,25,1.2
2005,11,26,0.8
2005,11,27,0.0
2005,11,28,2.1
2005,11,29,54.0
2005,11,30,0.0
2005,12,1,2.0
2005,12,2,11.1
2005,12,3,0.0
2005,12,4,2.4
2005,12,5,7.3
2005,12,6,0.0
2005,12,7,55.1
2005,12,8,0.1
2005,12,9,34.9
2005,12,10,4.2
2005,12,11,4.7
2005,12,12,2.2
2005,12,13,3.1
2005,12,14,0.0
2005,12,15,0.0
2005,12,16,0.0
2005,12,17,0.0
2005,12,18,7.4
2005,12,19,0.0
2005,12,20,1.5
2005,12,21,0.0
2005,12,22,8.5
2005,12,23,0.6
2005,12,24,29.2
2005,12,25,0.7
2005,12,26,0.0
2005,12,27,18.8
2005,12,28,1.6
2005,12,29,2.6
2005,12,30,8.5
2005,12,31,45.7
2006,1,1,49.3
2006,1,2,8.1
2006,1,3,9.6
2006,1,4,3.5
2006,1,5,8.3
2006,1,6,5.6
2006,1,7,22.9
2006,1,8,110.8
2006,1,9,35.0
2006,1,10,17.8
2006,1,11,47.2
2006,1,12,38.3
2006,1,13,0.1
2006,1,14,0.2
2006,1,15,0.3
2006,1,16,27.3
2006,1,17,12.4
2006,1,18,28.1
2006,1,19,0.3
2006,1,20,0.0
2006,1,21,10.0
2006,1,22,3.0
2006,1,23,0.0
2006,1,24,0.0
2006,1,25,0.0
2006,1,26,0.0
2006,1,27,0.0
2006,1,28,0.0
2006,1,29,0.2
2006,1,30,0.0
2006,1,31,0.0
2006,2,1,1.0
2006,2,2,0.0
2006,2,3,0.0
2006,2,4,0.6
2006,2,5,20.8
2006,2,6,0.6
2006,2,7,0.0
2006,2,8,0.0
2006,2,9,20.7
2006,2,10,19.8
2006,2,11,0.0
2006,2,12,0.0
2006,2,13,0.0
2006,2,14,0.0
2006,2,15,9.1
2006,2,16,0.0
2006,2,17,17.8
2006,2,18,12.1
2006,2,19,0.0
2006,2,20,0.1
2006,2,21,0.0
2006,2,22,0.0
2006,2,23,0.2
2006,2,24,0.3
2006,2,25,0.2
2006,2,26,0.0
2006,2,27,0.0
2006,2,28,0.0
2006,3,1,0.0
2006,3,2,0.0
2006,3,3,0.0
2006,3,4,0.0
2006,3,5,0.0
2006,3,6,0.0
2006,3,7,0.0
2006,3,8,0.0
2006,3,9,0.0
2006,3,10,0.0
2006,3,11,0.0
2006,3,12,0.0
2006,3,13,0.0
2006,3,14,0.0
2006,3,15,0.0
2006,3,16,0.0
2006,3,17,0.0
2006,3,18,0.0
2006,3,19,0.0
2006,3,20,0.0
2006,3,21,2.9
2006,3,22,6.2
2006,3,23,0.0
2006,3,24,0.0
2006,3,25,0.4
2006,3,26,7.0
2006,3,27,2.5
2006,3,28,0.0
2006,3,29,13.0
2006,3,30,22.3
2006,3,31,13.7
2006,4,1,0.0
2006,4,2,0.0
2006,4,3,9.4
2006,4,4,8.7
2006,4,5,5.1
2006,4,6,19.3
2006,4,7,0.0
2006,4,8,56.1
2006,4,9,0.0
2006,4,10,1.1
2006,4,11,18.2
2006,4,12,0.0
2006,4,13,0.1
2006,4,14,32.7
2006,4,15,0.0
2006,4,16,13.7
2006,4,17,26.2
2006,4,18,3.0
2006,4,19,0.1
2006,4,20,0.0
2006,4,21,3.3
2006,4,22,1.4
2006,4,23,4.8
2006,4,24,33.0
2006,4,25,0.0
2006,4,26,15.3
2006,4,27,3.9
2006,4,28,2.4
2006,4,29,0.0
2006,4,30,0.0
2006,5,1,21.7
2006,5,2,0.0
2006,5,3,0.2
2006,5,4,0.0
2006,5,5,20.0
2006,5,6,2.9
2006,5,7,0.0
2006,5,8,0.0
2006,5,9,30.3
2006,5,10,0.0
2006,5,11,0.3
2006,5,12,0.9
2006,5,13,2.2
2006,5,14,0.0
2006,5,15,0.0
2006,5,16,1.3
2006,5,17,0.0
2006,5,18,0.0
2006,5,19,0.0
2006,5,20,0.0
2006,5,21,5.5
2006,5,22,7.6
2006,5,23,0.0
2006,5,24,0.0
2006,5,25,13.4
2006,5,26,0.0
2006,5,27,0.0
2006,5,28,56.9
2006,5,29,0.0
2006,5,30,0.0
2006,5,31,0.0
2006,6,1,0.3
2006,6,2,0.0
2006,6,3,0.0
2006,6,4,0.0
2006,6,5,3.5
2006,6,6,21.3
2006,6,7,0.0
2006,6,8,5.3
2006,6,9,5.2
2006,6,10,13.1
2006,6,11,15.0
2006,6,12,0.0
2006,6,13,0.4
2006,6,14,0.2
2006,6,15,0.3
2006,6,16,0.1
2006,6,17,0.3
2006,6,18,0.1
2006,6,19,8.8
2006,6,20,1.2
2006,6,21,13.3
2006,6,22,24.4
2006,6,23,1.8
2006,6,24,3.0
2006,6,25,21.2
2006,6,26,0.0
2006,6,27,0.0
2006,6,28,0.0
2006,6,29,0.0
2006,6,30,0.0
2006,7,1,0.0
2006,7,2,7.1
2006,7,3,0.1
2006,7,4,0.0
2006,7,5,3.1
2006,7,6,5.7
2006,7,7,0.0
2006,7,8,0.0
2006,7,9,20.4
2006,7,10,3.0
2006,7,11,6.2
2006,7,12,0.7
2006,7,13,0.0
2006,7,14,24.6
2006,7,15,0.0
2006,7,16,0.0
2006,7,17,0.2
2006,7,18,0.0
2006,7,19,0.0
2006,7,20,0.0
2006,7,21,0.0
2006,7,22,1.1
2006,7,23,0.0
2006,7,24,0.0
2006,7,25,3.6
2006,7,26,0.0
2006,7,27,0.0
2006,7,28,0.0
2006,7,29,0.0
2006,7,30,12.6
2006,7,31,2.2
2006,8,1,0.0
2006,8,2,17.6
2006,8,3,0.0
2006,8,4,0.0
2006,8,5,0.0
2006,8,6,0.0
2006,8,7,18.8
2006,8,8,0.0
2006,8,9,21.5
2006,8,10,0.0
2006,8,11,4.4
2006,8,12,0.0
2006,8,13,4.7
2006,8,14,1.3
2006,8,15,49.6
2006,8,16,0.0
2006,8,17,0.0
2006,8,18,0.0
2006,8,19,1.1
2006,8,20,0.0
2006,8,21,0.0
2006,8,22,0.0
2006,8,23,0.0
2006,8,24,0.0
2006,8,25,0.0
2006,8,26,0.0
2006,8,27,5.6
2006,8,28,0.0
2006,8,29,0.0
2006,8,30,156.8
2006,8,31,52.2
2006,9,1,0.0
2006,9,2,0.0
2006,9,3,0.0
2006,9,4,23.6
2006,9,5,0.0
2006,9,6,0.0
2006,9,7,0.2
2006,9,8,7.1
2006,9,9,0.0
2006,9,10,17.7
2006,9,11,2.0
2006,9,12,0.0
2006,9,13,0.6
2006,9,14,0.0
2006,9,15,41.6
2006,9,16,0.0
2006,9,17,2.2
2006,9,18,19.4
2006,9,19,0.0
2006,9,20,0.0
2006,9,21,0.0
2006,9,22,0.0
2006,9,23,0.0
2006,9,24,7.7
2006,9,25,1.9
2006,9,26,0.0
2006,9,27,2.2
2006,9,28,0.0
2006,9,29,0.0
2006,9,30,38.2
2006,10,1,0.0
2006,10,2,0.0
2006,10,3,0.7
2006,10,4,0.0
2006,10,5,0.0
2006,10,6,0.0
2006,10,7,0.0
2006,10,8,0.0
2006,10,9,0.0
2006,10,10,0.0
2006,10,11,0.1
2006,10,12,0.1
2006,10,13,9.4
2006,10,14,0.0
2006,10,15,0.0
2006,10,16,0.0
2006,10,17,0.0
2006,10,18,0.1
2006,10,19,0.0
2006,10,20,0.0
2006,10,21,0.0
2006,10,22,0.1
2006,10,23,0.0
2006,10,24,0.0
2006,10,25,15.5
2006,10,26,0.0
2006,10,27,0.0
2006,10,28,0.0
2006,10,29,13.6
2006,10,30,0.0
2006,10,31,0.0
2006,11,1,19.9
2006,11,2,8.1
2006,11,3,0.0
2006,11,4,0.0
2006,11,5,0.0
2006,11,6,15.5
2006,11,7,0.0
2006,11,8,0.5
2006,11,9,17.0
2006,11,10,16.2
2006,11,11,67.6
2006,11,12,0.0
2006,11,13,2.4
2006,11,14,0.0
2006,11,15,4.3
2006,11,16,0.8
2006,11,17,2.9
2006,11,18,0.0
2006,11,19,1.0
2006,11,20,0.6
2006,11,21,2.0
2006,11,22,11.2
2006,11,23,11.1
2006,11,24,21.4
2006,11,25,0.0
2006,11,26,0.5
2006,11,27,44.3
2006,11,28,0.1
2006,11,29,0.0
2006,11,30,0.6
2006,12,1,1.9
2006,12,2,0.0
2006,12,3,1.5
2006,12,4,0.0
2006,12,5,18.9
2006,12,6,0.0
2006,12,7,5.8
2006,12,8,0.0
2006,12,9,0.0
2006,12,10,0.0
2006,12,11,0.0
2006,12,12,0.0
2006,12,13,11.6
2006,12,14,20.0
2006,12,15,4.1
2006,12,16,0.0
2006,12,17,37.9
2006,12,18,139.6
2006,12,19,155.8
2006,12,20,8.7
2006,12,21,0.9
2006,12,22,8.1
2006,12,23,0.7
2006,12,24,9.3
2006,12,25,37.7
2006,12,26,99.4
2006,12,27,21.9
2006,12,28,37.1
2006,12,29,0.0
2006,12,30,0.0
2006,12,31,0.0
2007,1,1,0.4
2007,1,2,0.0
2007,1,3,49.2
2007,1,4,37.0
2007,1,5,0.6
2007,1,6,0.0
2007,1,7,0.0
2007,1,8,7.9
2007,1,9,20.6
2007,1,10,1.7
2007,1,11,129.7
2007,1,12,82.2
2007,1,13,1.3
2007,1,14,4.6
2007,1,15,4.9
2007,1,16,0.3
2007,1,17,0.0
2007,1,18,97.4
2007,1,19,0.0
2007,1,20,2.4
2007,1,21,0.0
2007,1,22,0.0
2007,1,23,0.1
2007,1,24,3.7
2007,1,25,2.5
2007,1,26,16.6
2007,1,27,2.4
2007,1,28,0.6
2007,1,29,0.0
2007,1,30,0.0
2007,1,31,0.0
2007,2,1,0.0
2007,2,2,0.0
2007,2,3,0.0
2007,2,4,0.0
2007,2,5,0.0
2007,2,6,0.0
2007,2,7,0.0
2007,2,8,0.0
2007,2,9,0.0
2007,2,10,0.0
2007,2,11,0.0
2007,2,12,0.0
2007,2,13,0.0
2007,2,14,0.0
2007,2,15,16.7
2007,2,16,13.2
2007,2,17,0.1
2007,2,18,7.3
2007,2,19,20.3
2007,2,20,0.0
2007,2,21,0.0
2007,2,22,0.0
2007,2,23,9.4
2007,2,24,8.1
2007,2,25,2.7
2007,2,26,17.9
2007,2,27,0.1
2007,2,28,42.1
2007,3,1,13.6
2007,3,2,26.3
2007,3,3,0.6
2007,3,4,0.0
2007,3,5,0.0
2007,3,6,18.8
2007,3,7,0.0
2007,3,8,0.0
2007,3,9,0.0
2007,3,10,0.0
2007,3,11,0.0
2007,3,12,0.0
2007,3,13,2.0
2007,3,14,0.0
2007,3,15,4.0
2007,3,16,0.0
2007,3,17,0.0
2007,3,18,9.4
2007,3,19,0.0
2007,3,20,9.0
2007,3,21,8.3
2007,3,22,0.3
2007,3,23,2.9
2007,3,24,2.1
2007,3,25,17.1
2007,3,26,1.3
2007,3,27,0.0
2007,3,28,3.6
2007,3,29,19.1
2007,3,30,5.4
2007,3,31,0.0
2007,4,1,3.0
2007,4,2,0.0
2007,4,3,0.0
2007,4,4,0.0
2007,4,5,0.0
2007,4,6,0.0
2007,4,7,1.3
2007,4,8,7.6
2007,4,9,0.0
2007,4,10,12.0
2007,4,11,3.6
2007,4,12,18.7
2007,4,13,50.8
2007,4,14,9.3
2007,4,15,0.0
2007,4,16,0.0
2007,4,17,0.0
2007,4,18,18.5
2007,4,19,1.2
2007,4,20,0.0
2007,4,21,0.2
2007,4,22,0.3
2007,4,23,4.5
2007,4,24,20.6
2007,4,25,83.8
2007,4,26,6.4
2007,4,27,18.9
2007,4,28,59.8
2007,4,29,36.6
2007,4,30,5.1
2007,5,1,62.9
2007,5,2,3.5
2007,5,3,80.1
2007,5,4,1.5
2007,5,5,0.0
2007,5,6,0.0
2007,5,7,0.0
2007,5,8,0.0
2007,5,9,0.4
2007,5,10,5.6
2007,5,11,0.7
2007,5,12,0.9
2007,5,13,0.4
2007,5,14,4.7
2007,5,15,1.5
2007,5,16,0.0
2007,5,17,9.7
2007,5,18,0.2
2007,5,19,0.0
2007,5,20,2.0
2007,5,21,0.0
2007,5,22,15.9
2007,5,23,1.9
2007,5,24,0.0
2007,5,25,0.0
2007,5,26,0.0
2007,5,27,0.0
2007,5,28,0.0
2007,5,29,0.0
2007,5,30,0.6
2007,5,31,4.6
2007,6,1,0.0
2007,6,2,0.0
2007,6,3,0.0
2007,6,4,0.2
2007,6,5,0.0
2007,6,6,0.0
2007,6,7,0.0
2007,6,8,0.0
2007,6,9,0.0
2007,6,10,0.0
2007,6,11,26.8
2007,6,12,12.3
2007,6,13,0.0
2007,6,14,0.0
2007,6,15,99.1
2007,6,16,58.5
2007,6,17,4.5
2007,6,18,0.0
2007,6,19,33.1
2007,6,20,0.0
2007,6,21,0.0
2007,6,22,0.0
2007,6,23,0.0
2007,6,24,0.4
2007,6,25,48.8
2007,6,26,0.0
2007,6,27,0.0
2007,6,28,0.0
2007,6,29,0.9
2007,6,30,0.0
2007,7,1,0.0
2007,7,2,0.0
2007,7,3,0.1
2007,7,4,0.0
2007,7,5,0.0
2007,7,6,10.1
2007,7,7,26.7
2007,7,8,30.7
2007,7,9,0.0
2007,7,10,0.0
2007,7,11,2.1
2007,7,12,0.0
2007,7,13,0.0
2007,7,14,0.0
2007,7,15,0.0
2007,7,16,1.2
2007,7,17,6.1
2007,7,18,25.0
2007,7,19,6.2
2007,7,20,0.6
2007,7,21,56.7
2007,7,22,1.0
2007,7,23,3.9
2007,7,24,0.3
2007,7,25,10.5
2007,7,26,8.5
2007,7,27,16.1
2007,7,28,14.4
2007,7,29,16.3
2007,7,30,0.9
2007,7,31,0.0
2007,8,1,0.9
2007,8,2,0.0
2007,8,3,0.0
2007,8,4,0.0
2007,8,5,0.0
2007,8,6,0.0
2007,8,7,0.0
2007,8,8,17.0
2007,8,9,0.0
2007,8,10,0.0
2007,8,11,1.4
2007,8,12,1.7
2007,8,13,0.0
2007,8,14,11.6
2007,8,15,0.3
2007,8,16,0.2
2007,8,17,13.7
2007,8,18,22.9
2007,8,19,3.6
2007,8,20,0.0
2007,8,21,5.6
2007,8,22,1.7
2007,8,23,7.0
2007,8,24,7.1
2007,8,25,0.6
2007,8,26,0.0
2007,8,27,1.0
2007,8,28,71.7
2007,8,29,0.3
2007,8,30,3.4
2007,8,31,0.0
2007,9,1,1.8
2007,9,2,6.5
2007,9,3,63.5
2007,9,4,0.1
2007,9,5,0.0
2007,9,6,0.1
2007,9,7,15.8
2007,9,8,4.4
2007,9,9,0.0
2007,9,10,15.6
2007,9,11,7.7
2007,9,12,0.0
2007,9,13,0.0
2007,9,14,1.4
2007,9,15,22.5
2007,9,16,3.2
2007,9,17,0.0
2007,9,18,0.0
2007,9,19,0.0
2007,9,20,0.0
2007,9,21,0.0
2007,9,22,0.0
2007,9,23,7.3
2007,9,24,2.7
2007,9,25,0.0
2007,9,26,22.0
2007,9,27,11.5
2007,9,28,0.1
2007,9,29,0.0
2007,9,30,0.0
2007,10,1,8.2
2007,10,2,0.0
2007,10,3,0.0
2007,10,4,0.0
2007,10,5,0.0
2007,10,6,1.5
2007,10,7,7.7
2007,10,8,3.3
2007,10,9,0.0
2007,10,10,0.1
2007,10,11,0.0
2007,10,12,4.1
2007,10,13,1.0
2007,10,14,0.0
2007,10,15,47.8
2007,10,16,15.0
2007,10,17,0.0
2007,10,18,0.0
2007,10,19,8.6
2007,10,20,6.0
2007,10,21,7.8
2007,10,22,7.8
2007,10,23,0.2
2007,10,24,0.0
2007,10,25,0.0
2007,10,26,14.2
2007,10,27,10.1
2007,10,28,44.7
2007,10,29,0.0
2007,10,30,36.3
2007,10,31,0.9
2007,11,1,0.3
2007,11,2,0.0
2007,11,3,0.0
2007,11,4,72.4
2007,11,5,0.0
2007,11,6,48.3
2007,11,7,20.7
2007,11,8,6.7
2007,11,9,25.6
2007,11,10,0.1
2007,11,11,0.0
2007,11,12,11.9
2007,11,13,37.3
2007,11,14,8.3
2007,11,15,0.5
2007,11,16,0.0
2007,11,17,0.1
2007,11,18,0.0
2007,11,19,2.8
2007,11,20,7.5
2007,11,21,0.1
2007,11,22,0.0
2007,11,23,0.0
2007,11,24,0.0
2007,11,25,1.7
2007,11,26,7.0
2007,11,27,10.7
2007,11,28,64.6
2007,11,29,0.0
2007,11,30,0.0
2007,12,1,0.0
2007,12,2,0.0
2007,12,3,0.0
2007,12,4,0.0
2007,12,5,112.8
2007,12,6,1.0
2007,12,7,0.6
2007,12,8,0.2
2007,12,9,44.9
2007,12,10,24.1
2007,12,11,21.4
2007,12,12,3.5
2007,12,13,0.0
2007,12,14,0.6
2007,12,15,53.8
2007,12,16,0.1
2007,12,17,6.8
2007,12,18,3.8
2007,12,19,0.2
2007,12,20,18.7
2007,12,21,0.3
2007,12,22,10.3
2007,12,23,6.1
2007,12,24,0.0
2007,12,25,8.2
2007,12,26,0.0
2007,12,27,0.0
2007,12,28,0.0
2007,12,29,9.5
2007,12,30,8.8
2007,12,31,0.0
2008,1,1,0.0
2008,1,2,0.6
2008,1,3,0.0
2008,1,4,8.8
2008,1,5,38.6
2008,1,6,0.1
2008,1,7,1.3
2008,1,8,72.5
2008,1,9,14.6
2008,1,10,13.3
2008,1,11,8.5
2008,1,12,0.4
2008,1,13,0.0
2008,1,14,50.2
2008,1,15,7.4
2008,1,16,0.0
2008,1,17,5.0
2008,1,18,0.0
2008,1,19,0.0
2008,1,20,8.8
2008,1,21,0.0
2008,1,22,0.2
2008,1,23,2.1
2008,1,24,0.0
2008,1,25,0.0
2008,1,26,0.0
2008,1,27,1.4
2008,1,28,0.3
2008,1,29,18.9
2008,1,30,0.0
2008,1,31,0.0
2008,2,1,25.1
2008,2,2,1.9
2008,2,3,22.0
2008,2,4,0.0
2008,2,5,0.0
2008,2,6,0.0
2008,2,7,0.0
2008,2,8,0.0
2008,2,9,0.0
2008,2,10,0.0
2008,2,11,0.0
2008,2,12,0.0
2008,2,13,0.0
2008,2,14,0.0
2008,2,15,0.0
2008,2,16,0.0
2008,2,17,0.0
2008,2,18,0.0
2008,2,19,0.0
2008,2,20,0.0
2008,2,21,0.0
2008,2,22,0.0
2008,2,23,0.0
2008,2,24,0.0
2008,2,25,44.6
2008,2,26,0.0
2008,2,27,0.0
2008,2,28,11.9
2008,2,29,0.3
2008,3,1,8.4
2008,3,2,11.9
2008,3,3,29.8
2008,3,4,0.6
2008,3,5,34.2
2008,3,6,7.0
2008,3,7,0.0
2008,3,8,0.0
2008,3,9,4.2
2008,3,10,0.3
2008,3,11,42.1
2008,3,12,68.7
2008,3,13,16.6
2008,3,14,0.7
2008,3,15,0.0
2008,3,16,11.3
2008,3,17,0.3
2008,3,18,0.0
2008,3,19,14.7
2008,3,20,9.6
2008,3,21,0.0
2008,3,22,5.6
2008,3,23,0.0
2008,3,24,39.1
2008,3,25,0.0
2008,3,26,0.0
2008,3,27,2.6
2008,3,28,0.0
2008,3,29,0.0
2008,3,30,2.1
2008,3,31,0.0
2008,4,1,0.3
2008,4,2,0.0
2008,4,3,40.0
2008,4,4,0.0
2008,4,5,0.0
2008,4,6,0.0
2008,4,7,15.9
2008,4,8,59.6
2008,4,9,0.0
2008,4,10,29.6
2008,4,11,0.3
2008,4,12,48.2
2008,4,13,0.0
2008,4,14,5.9
2008,4,15,9.3
2008,4,16,0.0
2008,4,17,25.6
2008,4,18,69.8
2008,4,19,0.0
2008,4,20,0.0
2008,4,21,0.0
2008,4,22,0.0
2008,4,23,0.0
2008,4,24,28.7
2008,4,25,0.0
2008,4,26,0.0
2008,4,27,0.0
2008,4,28,0.0
2008,4,29,0.0
2008,4,30,0.0
2008,5,1,0.0
2008,5,2,0.0
2008,5,3,0.0
2008,5,4,0.0
2008,5,5,0.0
2008,5,6,0.0
2008,5,7,0.0
2008,5,8,0.0
2008,5,9,0.2
2008,5,10,8.7
2008,5,11,0.0
2008,5,12,3.0
2008,5,13,0.0
2008,5,14,48.9
2008,5,15,0.0
2008,5,16,0.0
2008,5,17,0.0
2008,5,18,0.0
2008,5,19,0.0
2008,5,20,0.0
2008,5,21,0.0
2008,5,22,13.9
2008,5,23,0.0
2008,5,24,0.0
2008,5,25,6.6
2008,5,26,18.0
2008,5,27,40.3
2008,5,28,71.0
2008,5,29,13.2
2008,5,30,0.1
2008,5,31,14.2
2008,6,1,0.0
2008,6,2,0.0
2008,6,3,1.3
2008,6,4,0.2
2008,6,5,0.0
2008,6,6,0.0
2008,6,7,83.5
2008,6,8,0.0
2008,6,9,0.0
2008,6,10,3.7
2008,6,11,3.7
2008,6,12,0.0
2008,6,13,0.0
2008,6,14,0.0
2008,6,15,0.0
2008,6,16,0.0
2008,6,17,0.0
2008,6,18,44.7
2008,6,19,21.6
2008,6,20,7.0
2008,6,21,36.9
2008,6,22,3.3
2008,6,23,0.0
2008,6,24,0.0
2008,6,25,0.9
2008,6,26,0.0
2008,6,27,0.0
2008,6,28,0.0
2008,6,29,23.7
2008,6,30,19.4
2008,7,1,0.0
2008,7,2,6.5
2008,7,3,20.4
2008,7,4,0.0
2008,7,5,0.0
2008,7,6,0.0
2008,7,7,17.1
2008,7,8,3.3
2008,7,9,25.5
2008,7,10,3.0
2008,7,11,9.4
2008,7,12,0.0
2008,7,13,0.1
2008,7,14,4.4
2008,7,15,13.8
2008,7,16,0.0
2008,7,17,0.0
2008,7,18,0.0
2008,7,19,3.7
2008,7,20,0.9
2008,7,21,18.8
2008,7,22,4.0
2008,7,23,11.8
2008,7,24,2.3
2008,7,25,74.0
2008,7,26,0.0
2008,7,27,0.0
2008,7,28,0.0
2008,7,29,0.0
2008,7,30,0.0
2008,7,31,0.0
2008,8,1,0.0
2008,8,2,0.0
2008,8,3,0.0
2008,8,4,1.9
2008,8,5,0.0
2008,8,6,0.0
2008,8,7,1.2
2008,8,8,0.0
2008,8,9,0.1
2008,8,10,23.9
2008,8,11,0.0
2008,8,12,0.3
2008,8,13,0.0
2008,8,14,0.0
2008,8,15,0.0
2008,8,16,1.5
2008,8,17,22.3
2008,8,18,5.2
2008,8,19,19.7
2008,8,20,0.0
2008,8,21,1.2
2008,8,22,32.8
2008,8,23,13.6
2008,8,24,36.4
2008,8,25,0.0
2008,8,26,0.0
2008,8,27,18.3
2008,8,28,9.8
2008,8,29,0.0
2008,8,30,6.4
2008,8,31,0.0
2008,9,1,1.4
2008,9,2,3.8
2008,9,3,16.5
2008,9,4,10.5
2008,9,5,44.1
2008,9,6,19.6
2008,9,7,4.8
2008,9,8,8.6
2008,9,9,0.0
2008,9,10,0.0
2008,9,11,0.0
2008,9,12,4.8
2008,9,13,0.2
2008,9,14,5.7
2008,9,15,0.0
2008,9,16,0.0
2008,9,17,0.0
2008,9,18,1.4
2008,9,19,0.0
2008,9,20,0.0
2008,9,21,3.2
2008,9,22,0.0
2008,9,23,1.3
2008,9,24,28.1
2008,9,25,94.9
2008,9,26,13.5
2008,9,27,0.0
2008,9,28,0.0
2008,9,29,5.7
2008,9,30,54.4
2008,10,1,0.0
2008,10,2,0.0
2008,10,3,0.0
2008,10,4,0.0
2008,10,5,7.0
2008,10,6,0.0
2008,10,7,1.4
2008,10,8,0.8
2008,10,9,0.0
2008,10,10,0.0
2008,10,11,0.1
2008,10,12,0.0
2008,10,13,3.9
2008,10,14,0.0
2008,10,15,0.0
2008,10,16,0.6
2008,10,17,0.0
2008,10,18,1.8
2008,10,19,14.9
2008,10,20,3.6
2008,10,21,1.6
2008,10,22,2.9
2008,10,23,13.6
2008,10,24,1.1
2008,10,25,0.0
2008,10,26,0.2
2008,10,27,2.1
2008,10,28,2.9
2008,10,29,54.6
2008,10,30,0.0
2008,10,31,11.4
2008,11,1,4.1
2008,11,2,0.0
2008,11,3,5.2
2008,11,4,12.3
2008,11,5,38.7
2008,11,6,10.7
2008,11,7,0.7
2008,11,8,20.0
2008,11,9,0.3
2008,11,10,24.4
2008,11,11,1.5
2008,11,12,10.8
2008,11,13,9.4
2008,11,14,5.9
2008,11,15,0.1
2008,11,16,0.0
2008,11,17,31.4
2008,11,18,0.0
2008,11,19,14.4
2008,11,20,0.0
2008,11,21,0.0
2008,11,22,0.3
2008,11,23,28.8
2008,11,24,0.0
2008,11,25,3.6
2008,11,26,13.2
2008,11,27,0.0
2008,11,28,0.1
2008,11,29,0.0
2008,11,30,15.7
2008,12,1,0.2
2008,12,2,7.9
2008,12,3,5.3
2008,12,4,66.9
2008,12,5,17.0
2008,12,6,1.9
2008,12,7,84.8
2008,12,8,8.9
2008,12,9,0.0
2008,12,10,0.0
2008,12,11,39.3
2008,12,12,0.0
2008,12,13,10.0
2008,12,14,11.4
2008,12,15,0.7
2008,12,16,0.0
2008,12,17,0.0
2008,12,18,0.0
2008,12,19,0.0
2008,12,20,0.0
2008,12,21,0.0
2008,12,22,0.7
2008,12,23,56.1
2008,12,24,20.9
2008,12,25,0.1
2008,12,26,0.1
2008,12,27,0.0
2008,12,28,0.0
2008,12,29,0.7
2008,12,30,0.0
2008,12,31,0.0
2009,1,1,9.1
2009,1,2,0.0
2009,1,3,0.0
2009,1,4,0.4
2009,1,5,5.2
2009,1,6,0.0
2009,1,7,0.0
2009,1,8,0.0
2009,1,9,0.0
2009,1,10,0.0
2009,1,11,0.0
2009,1,12,0.1
2009,1,13,0.1
2009,1,14,0.0
2009,1,15,0.0
2009,1,16,0.0
2009,1,17,0.0
2009,1,18,0.0
2009,1,19,0.0
2009,1,20,0.1
2009,1,21,0.0
2009,1,22,0.0
2009,1,23,0.0
2009,1,24,0.0
2009,1,25,0.6
2009,1,26,0.0
2009,1,27,0.0
2009,1,28,1.4
2009,1,29,0.0
2009,1,30,5.2
2009,1,31,0.2
2009,2,1,0.0
2009,2,2,0.0
2009,2,3,4.0
2009,2,4,10.1
2009,2,5,0.0
2009,2,6,4.8
2009,2,7,0.0
2009,2,8,0.0
2009,2,9,0.0
2009,2,10,0.0
2009,2,11,3.1
2009,2,12,0.0
2009,2,13,0.0
2009,2,14,1.4
2009,2,15,0.0
2009,2,16,0.2
2009,2,17,0.0
2009,2,18,0.0
2009,2,19,0.0
2009,2,20,0.0
2009,2,21,23.0
2009,2,22,1.2
2009,2,23,22.0
2009,2,24,1.2
2009,2,25,0.0
2009,2,26,6.3
2009,2,27,0.0
2009,2,28,48.6
2009,3,1,41.8
2009,3,2,0.0
2009,3,3,5.4
2009,3,4,0.0
2009,3,5,19.5
2009,3,6,1.7
2009,3,7,7.1
2009,3,8,0.0
2009,3,9,40.0
2009,3,10,0.0
2009,3,11,8.1
2009,3,12,0.0
2009,3,13,17.0
2009,3,14,0.3
2009,3,15,15.1
2009,3,16,17.2
2009,3,17,17.9
2009,3,18,13.6
2009,3,19,0.1
2009,3,20,6.4
2009,3,21,4.0
2009,3,22,0.0
2009,3,23,0.0
2009,3,24,7.7
2009,3,25,0.0
2009,3,26,0.0
2009,3,27,0.0
2009,3,28,0.0
2009,3,29,1.4
2009,3,30,1.6
2009,3,31,0.0
2009,4,1,0.8
2009,4,2,0.0
2009,4,3,0.0
2009,4,4,0.0
2009,4,5,30.1
2009,4,6,32.9
2009,4,7,11.6
2009,4,8,0.0
2009,4,9,4.2
2009,4,10,46.5
2009,4,11,26.2
2009,4,12,0.0
2009,4,13,0.0
2009,4,14,0.0
2009,4,15,10.1
2009,4,16,0.0
2009,4,17,0.0
2009,4,18,4.4
2009,4,19,0.0
2009,4,20,8.1
2009,4,21,0.0
2009,4,22,7.1
2009,4,23,0.4
2009,4,24,0.0
2009,4,25,0.0
2009,4,26,43.7
2009,4,27,0.0
2009,4,28,21.5
2009,4,29,3.9
2009,4,30,0.0
2009,5,1,1.1
2009,5,2,18.6
2009,5,3,26.0
2009,5,4,0.2
2009,5,5,11.9
2009,5,6,9.7
2009,5,7,0.0
2009,5,8,2.4
2009,5,9,0.0
2009,5,10,0.0
2009,5,11,29.4
2009,5,12,2.0
2009,5,13,13.4
2009,5,14,4.1
2009,5,15,0.5
2009,5,16,0.0
2009,5,17,0.0
2009,5,18,6.9
2009,5,19,0.0
2009,5,20,0.0
2009,5,21,0.4
2009,5,22,0.0
2009,5,23,0.0
2009,5,24,0.0
2009,5,25,0.0
2009,5,26,5.6
2009,5,27,0.0
2009,5,28,7.9
2009,5,29,0.0
2009,5,30,2.5
2009,5,31,0.0
2009,6,1,0.0
2009,6,2,34.8
2009,6,3,2.1
2009,6,4,0.0
2009,6,5,0.0
2009,6,6,0.0
2009,6,7,0.0
2009,6,8,0.0
2009,6,9,0.0
2009,6,10,0.0
2009,6,11,0.0
2009,6,12,2.8
2009,6,13,0.0
2009,6,14,0.0
2009,6,15,0.0
2009,6,16,0.0
2009,6,17,0.0
2009,6,18,0.0
2009,6,19,1.4
2009,6,20,0.0
2009,6,21,0.0
2009,6,22,0.0
2009,6,23,0.0
2009,6,24,5.7
2009,6,25,0.0
2009,6,26,0.0
2009,6,27,0.0
2009,6,28,25.8
2009,6,29,2.1
2009,6,30,0.0
2009,7,1,65.7
2009,7,2,0.0
2009,7,3,0.0
2009,7,4,0.0
2009,7,5,26.1
2009,7,6,2.9
2009,7,7,0.3
2009,7,8,0.0
2009,7,9,0.0
2009,7,10,0.0
2009,7,11,11.4
2009,7,12,0.0
2009,7,13,0.0
2009,7,14,27.4
2009,7,15,3.4
2009,7,16,0.0
2009,7,17,0.0
2009,7,18,0.5
2009,7,19,0.0
2009,7,20,0.0
2009,7,21,2.5
2009,7,22,16.0
2009,7,23,12.9
2009,7,24,0.1
2009,7,25,0.1
2009,7,26,0.0
2009,7,27,7.7
2009,7,28,0.0
2009,7,29,0.0
2009,7,30,0.0
2009,7,31,0.0
2009,8,1,0.0
2009,8,2,0.0
2009,8,3,0.0
2009,8,4,0.0
2009,8,5,0.0
2009,8,6,0.0
2009,8,7,0.1
2009,8,8,0.0
2009,8,9,13.6
2009,8,10,1.2
2009,8,11,0.0
2009,8,12,0.0
2009,8,13,0.0
2009,8,14,13.5
2009,8,15,0.0
2009,8,16,0.0
2009,8,17,0.0
2009,8,18,1.1
2009,8,19,0.0
2009,8,20,11.8
2009,8,21,22.4
2009,8,22,0.4
2009,8,23,1.4
2009,8,24,11.0
2009,8,25,1.1
2009,8,26,50.4
2009,8,27,18.7
2009,8,28,0.0
2009,8,29,0.0
2009,8,30,49.5
2009,8,31,0.0
2009,9,1,44.7
2009,9,2,0.0
2009,9,3,0.0
2009,9,4,20.2
2009,9,5,8.1
2009,9,6,2.7
2009,9,7,0.0
2009,9,8,0.0
2009,9,9,0.0
2009,9,10,0.0
2009,9,11,0.2
2009,9,12,0.0
2009,9,13,0.0
2009,9,14,0.0
2009,9,15,0.0
2009,9,16,2.3
2009,9,17,0.0
2009,9,18,9.2
2009,9,19,24.2
2009,9,20,0.0
2009,9,21,0.4
2009,9,22,0.4
2009,9,23,0.9
2009,9,24,2.1
2009,9,25,0.0
2009,9,26,0.0
2009,9,27,0.0
2009,9,28,0.4
2009,9,29,0.6
2009,9,30,7.8
2009,10,1,0.0
2009,10,2,0.0
2009,10,3,0.3
2009,10,4,1.7
2009,10,5,15.3
2009,10,6,0.0
2009,10,7,0.0
2009,10,8,1.1
2009,10,9,0.0
2009,10,10,5.8
2009,10,11,0.0
2009,10,12,11.3
2009,10,13,0.0
2009,10,14,0.9
2009,10,15,3.8
2009,10,16,0.0
2009,10,17,0.0
2009,10,18,0.0
2009,10,19,0.0
2009,10,20,7.2
2009,10,21,0.0
2009,10,22,0.0
2009,10,23,0.0
2009,10,24,0.0
2009,10,25,0.0
2009,10,26,0.0
2009,10,27,0.0
2009,10,28,3.8
2009,10,29,2.2
2009,10,30,53.2
2009,10,31,8.8
2009,11,1,0.0
2009,11,2,6.4
2009,11,3,0.7
2009,11,4,14.3
2009,11,5,10.7
2009,11,6,0.8
2009,11,7,0.0
2009,11,8,0.5
2009,11,9,45.2
2009,11,10,0.0
2009,11,11,0.0
2009,11,12,47.2
2009,11,13,31.7
2009,11,14,0.0
2009,11,15,0.0
2009,11,16,0.8
2009,11,17,22.5
2009,11,18,1.5
2009,11,19,32.1
2009,11,20,10.9
2009,11,21,1.2
2009,11,22,2.0
2009,11,23,1.7
2009,11,24,0.0
2009,11,25,0.0
2009,11,26,0.0
2009,11,27,9.0
2009,11,28,0.5
2009,11,29,0.9
2009,11,30,0.0
2009,12,1,1.1
2009,12,3,8.7
2009,12,4,0.5
2009,12,5,8.7
2009,12,6,0.0
2009,12,7,0.0
2009,12,8,0.0
2009,12,9,7.3
2009,12,10,0.0
2009,12,11,0.0
2009,12,12,0.0
2009,12,13,7.6
2009,12,14,0.0
2009,12,15,4.6
2009,12,16,3.7
2009,12,17,13.9
2009,12,18,2.4
2009,12,19,26.3
2009,12,20,0.3
2009,12,21,8.6
2009,12,22,0.4
2009,12,23,3.1
2009,12,24,12.6
2009,12,25,36.6
2009,12,26,2.9
2009,12,27,16.8
2009,12,28,0.2
2009,12,29,0.0
2009,12,30,3.0
2009,12,31,0.0
2010,1,1,1.1
2010,1,2,0.0
2010,1,3,20.1
2010,1,4,0.1
2010,1,5,0.0
2010,1,6,4.0
2010,1,7,1.1
2010,1,8,11.1
2010,1,9,0.0
2010,1,10,0.0
2010,1,11,0.0
2010,1,12,14.8
2010,1,13,0.2
2010,1,14,0.0
2010,1,15,0.0
2010,1,16,0.0
2010,1,17,0.0
2010,1,18,0.9
2010,1,19,10.1
2010,1,20,0.0
2010,1,21,1.9
2010,1,22,15.4
2010,1,23,0.0
2010,1,24,0.0
2010,1,25,0.0
2010,1,26,0.0
2010,1,27,0.0
2010,1,28,0.0
2010,1,29,0.0
2010,1,30,0.6
2010,1,31,0.0
2010,2,1,0.0
2010,2,2,0.0
2010,2,3,0.0
2010,2,4,0.0
2010,2,5,7.8
2010,2,6,0.0
2010,2,7,0.0
2010,2,8,0.0
2010,2,9,0.0
2010,2,10,0.0
2010,2,11,0.0
2010,2,12,0.0
2010,2,13,0.0
2010,2,14,0.0
2010,2,15,0.0
2010,2,16,2.7
2010,2,17,0.2
2010,2,18,2.8
2010,2,19,0.5
2010,2,20,0.0
2010,2,21,2.3
2010,2,22,1.3
2010,2,23,0.0
2010,2,24,0.0
2010,2,25,0.0
2010,2,26,0.6
2010,2,27,0.0
2010,2,28,0.0
2010,3,1,0.0
2010,3,2,0.0
2010,3,3,0.0
2010,3,4,0.0
2010,3,5,0.0
2010,3,6,0.0
2010,3,7,0.0
2010,3,8,0.0
2010,3,9,13.7
2010,3,10,34.4
2010,3,11,0.0
2010,3,12,1.4
2010,3,13,0.0
2010,3,14,19.5
2010,3,15,17.9
2010,3,16,0.0
2010,3,17,0.0
2010,3,18,15.2
2010,3,19,41.6
2010,3,20,13.6
2010,3,21,29.3
2010,3,22,5.9
2010,3,23,4.8
2010,3,24,0.0
2010,3,25,29.0
2010,3,26,0.6
2010,3,27,0.0
2010,3,28,0.0
2010,3,29,13.0
2010,3,30,8.2
2010,3,31,0.0
2010,4,1,0.2
2010,4,2,0.0
2010,4,3,16.5
2010,4,4,8.3
2010,4,5,0.0
2010,4,6,0.0
2010,4,7,0.0
2010,4,8,0.9
2010,4,9,27.8
2010,4,10,55.8
2010,4,11,0.0
2010,4,12,0.6
2010,4,13,11.5
2010,4,14,0.0
2010,4,15,2.0
2010,4,16,6.0
2010,4,17,0.0
2010,4,18,0.0
2010,4,19,28.0
2010,4,20,0.5
2010,4,21,0.0
2010,4,22,11.0
2010,4,23,5.4
2010,4,24,0.0
2010,4,25,0.2
2010,4,26,53.4
2010,4,27,0.0
2010,4,28,1.8
2010,4,29,2.6
2010,4,30,0.0
2010,5,1,0.0
2010,5,2,0.0
2010,5,3,0.0
2010,5,4,0.0
2010,5,5,0.0
2010,5,6,0.0
2010,5,7,0.0
2010,5,8,3.2
2010,5,9,23.6
2010,5,10,0.4
2010,5,11,0.6
2010,5,12,0.0
2010,5,13,28.8
2010,5,14,31.2
2010,5,15,0.0
2010,5,16,37.0
2010,5,17,1.0
2010,5,18,14.0
2010,5,19,0.8
2010,5,20,4.2
2010,5,21,0.0
2010,5,22,1.0
2010,5,23,0.0
2010,5,24,0.0
2010,5,25,0.0
2010,5,26,0.0
2010,5,27,0.0
2010,5,28,4.2
2010,5,29,0.0
2010,5,30,0.2
2010,5,31,2.2
2010,6,1,6.9
2010,6,2,0.0
2010,6,3,1.2
2010,6,4,0.0
2010,6,5,31.1
2010,6,6,0.5
2010,6,7,1.9
2010,6,8,6.5
2010,6,9,2.3
2010,6,10,0.8
2010,6,11,0.0
2010,6,12,0.0
2010,6,13,0.1
2010,6,14,22.7
2010,6,15,23.8
2010,6,16,95.4
2010,6,17,0.0
2010,6,18,3.3
2010,6,19,0.0
2010,6,20,0.0
2010,6,21,0.0
2010,6,22,0.1
2010,6,23,22.5
2010,6,24,1.3
2010,6,25,83.6
2010,6,26,0.0
2010,6,27,15.7
2010,6,28,20.5
2010,6,29,0.0
2010,6,30,52.2
2010,7,1,7.8
2010,7,2,59.8
2010,7,3,20.0
2010,7,4,0.0
2010,7,5,0.0
2010,7,6,0.0
2010,7,7,2.2
2010,7,8,0.0
2010,7,9,0.0
2010,7,10,0.0
2010,7,11,0.0
2010,7,12,0.6
2010,7,13,0.0
2010,7,14,0.0
2010,7,15,0.2
2010,7,16,129.4
2010,7,17,7.6
2010,7,18,4.8
2010,7,19,0.0
2010,7,20,19.4
2010,7,21,29.4
2010,7,22,8.8
2010,7,23,2.4
2010,7,24,0.0
2010,7,25,20.0
2010,7,26,1.2
2010,7,27,0.2
2010,7,28,1.2
2010,7,29,0.0
2010,7,30,41.8
2010,7,31,59.6
2010,8,1,2.8
2010,8,2,0.0
2010,8,3,0.0
2010,8,4,0.2
2010,8,5,0.0
2010,8,6,0.0
2010,8,7,0.0
2010,8,8,0.0
2010,8,9,0.0
2010,8,10,0.4
2010,8,11,26.4
2010,8,12,0.4
2010,8,13,13.6
2010,8,14,8.6
2010,8,15,0.0
2010,8,16,12.8
2010,8,17,4.4
2010,8,18,3.8
2010,8,19,16.0
2010,8,20,4.4
2010,8,21,0.0
2010,8,22,0.0
2010,8,23,7.2
2010,8,24,0.0
2010,8,25,0.0
2010,8,26,5.8
2010,8,27,0.0
2010,8,28,1.8
2010,8,29,5.4
2010,8,30,0.0
2010,8,31,0.0
2010,9,1,0.0
2010,9,2,0.0
2010,9,3,0.0
2010,9,4,16.8
2010,9,5,7.8
2010,9,6,1.0
2010,9,7,0.2
2010,9,8,123.6
2010,9,9,0.0
2010,9,10,0.4
2010,9,11,0.0
2010,9,12,0.0
2010,9,13,0.0
2010,9,14,0.0
2010,9,15,51.6
2010,9,16,0.0
2010,9,17,22.8
2010,9,18,0.0
2010,9,19,0.0
2010,9,20,0.0
2010,9,21,0.0
2010,9,22,8.8
2010,9,23,1.0
2010,9,24,7.0
2010,9,25,3.6
2010,9,26,0.0
2010,9,27,17.8
2010,9,28,0.0
2010,9,29,0.0
2010,9,30,36.2
2010,10,1,0.0
2010,10,2,32.6
2010,10,3,0.0
2010,10,4,2.4
2010,10,5,0.0
2010,10,6,0.8
2010,10,7,0.0
2010,10,8,0.0
2010,10,9,0.4
2010,10,10,0.0
2010,10,11,0.0
2010,10,12,16.4
2010,10,13,0.2
2010,10,14,0.0
2010,10,15,0.0
2010,10,16,0.0
2010,10,17,1.0
2010,10,18,0.0
2010,10,19,0.2
2010,10,20,0.0
2010,10,21,7.6
2010,10,22,0.0
2010,10,23,2.0
2010,10,24,27.0
2010,10,25,5.2
2010,10,26,4.8
2010,10,27,0.2
2010,10,28,1.2
2010,10,29,24.6
2010,10,30,0.2
2010,10,31,0.0
2010,11,1,16.6
2010,11,2,0.0
2010,11,3,0.0
2010,11,4,0.8
2010,11,5,19.8
2010,11,6,16.4
2010,11,7,3.8
2010,11,8,29.4
2010,11,9,11.6
2010,11,10,0.0
2010,11,11,53.0
2010,11,12,0.0
2010,11,13,0.4
2010,11,14,56.8
2010,11,15,0.0
2010,11,16,14.2
2010,11,17,0.6
2010,11,18,0.0
2010,11,19,0.0
2010,11,20,1.6
2010,11,21,0.0
2010,11,22,0.0
2010,11,23,0.0
2010,11,24,2.2
2010,11,25,12.0
2010,11,26,1.8
2010,11,27,0.0
2010,11,28,0.0
2010,11,29,12.0
2010,11,30,15.0
2010,12,1,0.0
2010,12,2,21.6
2010,12,3,11.2
2010,12,4,24.0
2010,12,5,0.0
2010,12,6,0.8
2010,12,7,0.0
2010,12,8,11.4
2010,12,9,0.0
2010,12,10,2.6
2010,12,11,7.0
2010,12,12,0.0
2010,12,13,12.6
2010,12,14,3.4
2010,12,15,13.4
2010,12,16,1.0
2010,12,17,1.2
2010,12,18,2.8
2010,12,19,0.0
2010,12,20,6.0
2010,12,21,1.2
2010,12,22,0.0
2010,12,23,0.0
2010,12,24,44.4
2010,12,25,29.4
2010,12,26,1.2
2010,12,27,0.8
2010,12,28,0.2
2010,12,29,7.0
2010,12,30,1.2
2010,12,31,40.2
2011,1,1,33.2
2011,1,2,0.2
2011,1,3,6.4
2011,1,4,0.2
2011,1,5,3.2
2011,1,6,3.4
2011,1,7,0.0
2011,1,8,0.4
2011,1,9,0.4
2011,1,10,18.6
2011,1,11,5.0
2011,1,12,15.2
2011,1,13,0.0
2011,1,14,55.0
2011,1,15,15.8
2011,1,16,0.2
2011,1,17,17.4
2011,1,18,0.0
2011,1,19,0.0
2011,1,20,0.0
2011,1,21,0.0
2011,1,22,0.0
2011,1,23,0.0
2011,1,24,0.0
2011,1,25,35.4
2011,1,26,24.2
2011,1,27,0.0
2011,1,28,31.2
2011,1,29,55.4
2011,1,30,57.4
2011,1,31,30.8
2011,2,1,4.8
2011,2,2,1.8
2011,2,3,0.0
2011,2,4,0.4
2011,2,5,0.0
2011,2,6,0.0
2011,2,7,0.0
2011,2,8,0.6
2011,2,9,0.0
2011,2,10,0.0
2011,2,11,23.6
2011,2,12,1.2
2011,2,13,0.0
2011,2,14,0.0
2011,2,15,4.6
2011,2,16,3.0
2011,2,17,0.0
2011,2,18,5.4
2011,2,19,0.4
2011,2,20,0.0
2011,2,21,0.0
2011,2,22,6.2
2011,2,23,23.4
2011,2,24,5.2
2011,2,25,32.0
2011,2,26,7.6
2011,2,27,0.0
2011,2,28,0.0
2011,3,1,0.0
2011,3,2,0.0
2011,3,3,24.6
2011,3,4,7.0
2011,3,5,1.0
2011,3,6,0.0
2011,3,7,37.6
2011,3,8,0.2
2011,3,9,15.4
2011,3,10,17.4
2011,3,11,0.0
2011,3,12,0.4
2011,3,13,0.6
2011,3,14,5.2
2011,3,15,10.4
2011,3,16,8.8
2011,3,17,0.6
2011,3,18,0.0
2011,3,19,15.6
2011,3,20,0.2
2011,3,21,24.4
2011,3,22,7.4
2011,3,23,0.0
2011,3,24,0.0
2011,3,25,0.0
2011,3,26,0.0
2011,3,27,6.0
2011,3,28,2.2
2011,3,29,0.0
2011,3,30,0.6
2011,3,31,0.0
2011,4,1,1.2
2011,4,2,0.0
2011,4,3,3.2
2011,4,4,0.0
2011,4,5,11.2
2011,4,6,1.0
2011,4,7,0.0
2011,4,8,0.0
2011,4,9,15.6
2011,4,10,22.2
2011,4,11,4.4
2011,4,12,13.6
2011,4,13,20.6
2011,4,14,58.0
2011,4,15,0.0
2011,4,16,0.0
2011,4,17,0.0
2011,4,18,0.0
2011,4,19,0.0
2011,4,20,23.6
2011,4,21,0.0
2011,4,22,0.0
2011,4,23,0.0
2011,4,24,0.0
2011,4,25,0.0
2011,4,26,1.4
2011,4,27,0.2
2011,4,28,0.0
2011,4,29,0.0
2011,4,30,19.0
2011,5,1,0.6
2011,5,2,0.6
2011,5,3,1.6
2011,5,4,30.6
2011,5,5,0.0
2011,5,6,0.0
2011,5,7,0.0
2011,5,8,0.0
2011,5,9,0.0
2011,5,10,15.6
2011,5,11,0.0
2011,5,12,15.0
2011,5,13,1.2
2011,5,14,0.8
2011,5,15,0.0
2011,5,16,0.0
2011,5,17,0.0
2011,5,18,0.0
2011,5,19,0.0
2011,5,20,0.0
2011,5,21,8.2
2011,5,22,0.0
2011,5,23,0.0
2011,5,24,0.0
2011,5,25,0.6
2011,5,26,0.0
2011,5,27,0.0
2011,5,28,0.0
2011,5,29,2.6
2011,5,30,0.0
2011,5,31,1.2
2011,6,1,17.2
2011,6,2,0.0
2011,6,3,0.0
2011,6,4,42.6
2011,6,5,80.6
2011,6,6,2.0
2011,6,7,0.0
2011,6,8,1.8
2011,6,9,1.0
2011,6,10,0.0
2011,6,11,21.4
2011,6,12,0.0
2011,6,13,0.0
2011,6,14,0.0
2011,6,15,13.6
2011,6,16,0.0
2011,6,17,1.6
2011,6,18,0.0
2011,6,19,0.0
2011,6,20,0.0
2011,6,21,0.0
2011,6,22,41.4
2011,6,23,0.2
2011,6,24,0.0
2011,6,25,11.4
2011,6,26,0.0
2011,6,27,0.0
2011,6,28,0.0
2011,6,29,18.4
2011,6,30,34.2
2011,7,1,0.2
2011,7,2,0.0
2011,7,3,0.0
2011,7,4,0.0
2011,7,5,0.0
2011,7,6,0.0
2011,7,7,0.0
2011,7,8,0.0
2011,7,9,0.0
2011,7,10,0.0
2011,7,11,11.4
2011,7,12,0.0
2011,7,13,0.0
2011,7,14,0.0
2011,7,15,22.0
2011,7,16,0.0
2011,7,17,0.0
2011,7,18,8.2
2011,7,19,0.0
2011,7,20,0.0
2011,7,21,0.0
2011,7,22,5.2
2011,7,23,0.0
2011,7,24,0.0
2011,7,25,0.0
2011,7,26,12.2
2011,7,27,16.8
2011,7,28,0.0
2011,7,29,0.0
2011,7,30,0.0
2011,7,31,0.0
2011,8,1,0.0
2011,8,2,0.0
2011,8,3,1.4
2011,8,4,41.6
2011,8,5,0.0
2011,8,6,0.0
2011,8,7,15.0
2011,8,8,0.0
2011,8,9,0.0
2011,8,10,0.0
2011,8,11,0.0
2011,8,12,0.0
2011,8,13,0.0
2011,8,14,0.0
2011,8,15,17.2
2011,8,16,0.0
2011,8,17,0.0
2011,8,18,0.0
2011,8,19,12.4
2011,8,20,0.0
2011,8,21,0.0
2011,8,22,0.0
2011,8,23,0.0
2011,8,24,0.0
2011,8,25,12.6
2011,8,26,13.8
2011,8,27,1.4
2011,8,28,0.0
2011,8,29,5.8
2011,8,30,1.0
2011,8,31,0.0
2011,9,1,0.0
2011,9,2,0.0
2011,9,3,0.2
2011,9,4,0.0
2011,9,5,2.6
2011,9,6,0.0
2011,9,7,0.0
2011,9,8,0.6
2011,9,9,0.0
2011,9,10,0.0
2011,9,11,0.0
2011,9,12,0.0
2011,9,13,4.8
2011,9,14,3.2
2011,9,15,0.0
2011,9,16,0.0
2011,9,17,0.0
2011,9,18,0.2
2011,9,19,43.2
2011,9,20,29.6
2011,9,21,16.2
2011,9,22,6.6
2011,9,23,0.0
2011,9,24,0.0
2011,9,25,49.2
2011,9,26,0.0
2011,9,27,7.4
2011,9,28,0.2
2011,9,29,18.0
2011,9,30,2.6
2011,10,1,9.4
2011,10,2,0.0
2011,10,3,34.8
2011,10,4,10.2
2011,10,5,0.6
2011,10,6,17.2
2011,10,7,0.8
2011,10,8,30.2
2011,10,9,31.2
2011,10,10,17.2
2011,10,11,36.2
2011,10,12,7.8
2011,10,13,0.0
2011,10,14,9.8
2011,10,15,0.0
2011,10,16,0.0
2011,10,17,0.0
2011,10,18,0.8
2011,10,19,18.4
2011,10,20,2.2
2011,10,21,30.2
2011,10,22,0.0
2011,10,23,0.0
2011,10,24,0.6
2011,10,25,0.0
2011,10,26,63.6
2011,10,27,29.2
2011,10,28,19.4
2011,10,29,0.2
2011,10,30,0.0
2011,10,31,21.2
2011,11,1,9.6
2011,11,2,24.8
2011,11,3,1.0
2011,11,4,1.2
2011,11,5,27.2
2011,11,6,0.0
2011,11,7,9.4
2011,11,8,37.4
2011,11,9,0.0
2011,11,10,0.0
2011,11,11,13.2
2011,11,12,58.2
2011,11,13,63.6
2011,11,14,1.0
2011,11,15,0.0
2011,11,16,0.0
2011,11,17,0.0
2011,11,18,0.0
2011,11,19,0.0
2011,11,20,28.0
2011,11,21,0.6
2011,11,22,0.0
2011,11,23,22.6
2011,11,24,13.4
2011,11,25,7.8
2011,11,26,30.0
2011,11,27,8.8
2011,11,28,8.0
2011,11,29,0.8
2011,11,30,16.0
2011,12,1,2.2
2011,12,2,9.0
2011,12,3,21.6
2011,12,4,0.8
2011,12,5,0.0
2011,12,6,0.0
2011,12,7,1.0
2011,12,8,0.0
2011,12,9,0.2
2011,12,10,0.2
2011,12,11,2.4
2011,12,12,0.0
2011,12,13,0.0
2011,12,14,7.8
2011,12,15,8.6
2011,12,16,35.0
2011,12,17,10.0
2011,12,18,49.4
2011,12,19,70.0
2011,12,20,1.2
2011,12,21,0.0
2011,12,22,0.4
2011,12,23,90.0
2011,12,24,21.6
2011,12,25,0.8
2011,12,26,0.0
2011,12,27,6.2
2011,12,28,1.2
2011,12,29,0.6
2011,12,30,0.0
2011,12,31,0.0
2012,1,1,0.0
2012,1,2,0.0
2012,1,3,0.0
2012,1,4,0.0
2012,1,5,0.0
2012,1,6,0.0
2012,1,7,2.6
2012,1,8,2.6
2012,1,9,1.4
2012,1,10,2.8
2012,1,11,0.0
2012,1,12,0.4
2012,1,13,0.0
2012,1,14,9.8
2012,1,15,0.0
2012,1,16,0.0
2012,1,17,8.0
2012,1,18,0.0
2012,1,19,0.0
2012,1,20,20.2
2012,1,21,5.0
2012,1,22,8.6
2012,1,23,6.0
2012,1,24,0.0
2012,1,25,0.0
2012,1,26,0.0
2012,1,27,2.4
2012,1,28,0.0
2012,1,29,0.0
2012,1,30,0.0
2012,1,31,39.6
2012,2,1,0.0
2012,2,2,1.8
2012,2,3,0.8
2012,2,4,0.0
2012,2,5,0.0
2012,2,6,0.0
2012,2,7,0.0
2012,2,8,0.0
2012,2,9,0.0
2012,2,10,0.0
2012,2,11,0.0
2012,2,12,0.0
2012,2,13,2.8
2012,2,14,0.0
2012,2,15,0.0
2012,2,16,2.2
2012,2,17,2.0
2012,2,18,30.8
2012,2,19,0.0
2012,2,20,6.0
2012,2,21,0.4
2012,2,22,0.0
2012,2,23,0.0
2012,2,24,0.0
2012,2,25,0.0
2012,2,26,2.6
2012,2,27,3.8
2012,2,28,0.0
2012,2,29,4.2
2012,3,1,17.2
2012,3,2,19.8
2012,3,3,0.6
2012,3,4,0.0
2012,3,5,24.6
2012,3,6,0.0
2012,3,7,4.4
2012,3,8,14.8
2012,3,9,0.0
2012,3,10,1.6
2012,3,11,18.8
2012,3,12,0.0
2012,3,13,31.2
2012,3,14,10.8
2012,3,15,0.0
2012,3,16,0.0
2012,3,17,0.4
2012,3,18,25.4
2012,3,19,7.0
2012,3,20,0.0
2012,3,21,0.0
2012,3,22,0.8
2012,3,23,0.0
2012,3,24,0.0
2012,3,25,15.4
2012,3,26,0.2
2012,3,27,7.2
2012,3,28,2.0
2012,3,29,0.0
2012,3,30,59.6
2012,3,31,4.8
2012,4,1,31.6
2012,4,2,2.6
2012,4,3,17.8
2012,4,4,1.2
2012,4,5,0.0
2012,4,6,36.4
2012,4,7,14.0
2012,4,8,0.0
2012,4,9,0.0
2012,4,10,2.0
2012,4,11,0.0
2012,4,12,34.6
2012,4,13,0.0
2012,4,14,13.4
2012,4,15,0.0
2012,4,16,0.0
2012,4,17,2.0
2012,4,18,0.0
2012,4,19,4.2
2012,4,20,2.0
2012,4,21,4.2
2012,4,22,0.0
2012,4,23,0.2
2012,4,24,17.2
2012,4,25,2.0
2012,4,26,3.0
2012,4,27,0.0
2012,4,28,27.2
2012,4,29,0.0
2012,4,30,2.2
2012,5,1,0.2
2012,5,2,9.8
2012,5,3,0.0
2012,5,4,19.0
2012,5,5,0.0
2012,5,6,1.0
2012,5,7,0.4
2012,5,8,1.2
2012,5,9,3.0
2012,5,10,0.0
2012,5,11,0.0
2012,5,12,17.4
2012,5,13,0.2
2012,5,14,3.6
2012,5,15,4.4
2012,5,16,91.8
2012,5,17,1.2
2012,5,18,0.0
2012,5,19,0.0
2012,5,20,2.4
2012,5,21,2.2
2012,5,22,0.6
2012,5,23,0.6
2012,5,24,4.6
2012,5,25,0.2
2012,5,26,39.4
2012,5,27,0.0
2012,5,28,0.0
2012,5,29,0.0
2012,5,30,0.0
2012,5,31,1.6
2012,6,1,0.0
2012,6,2,3.6
2012,6,3,0.0
2012,6,4,8.2
2012,6,5,7.2
2012,6,6,0.0
2012,6,7,0.0
2012,6,8,45.2
2012,6,9,0.4
2012,6,10,0.0
2012,6,11,0.0
2012,6,12,0.0
2012,6,13,0.0
2012,6,14,0.0
2012,6,15,0.0
2012,6,16,0.0
2012,6,17,0.0
2012,6,18,0.0
2012,6,19,0.0
2012,6,20,0.0
2012,6,21,1.8
2012,6,22,0.0
2012,6,23,0.0
2012,6,24,0.0
2012,6,25,0.0
2012,6,26,0.0
2012,6,27,0.2
2012,6,28,0.0
2012,6,29,0.0
2012,6,30,4.4
2012,7,1,0.0
2012,7,2,3.6
2012,7,3,65.0
2012,7,4,19.4
2012,7,5,8.2
2012,7,6,0.0
2012,7,7,14.8
2012,7,8,0.0
2012,7,9,0.0
2012,7,10,2.0
2012,7,11,0.0
2012,7,12,0.0
2012,7,13,0.4
2012,7,14,7.0
2012,7,15,0.0
2012,7,16,0.0
2012,7,17,1.2
2012,7,18,0.0
2012,7,19,0.4
2012,7,20,4.8
2012,7,21,0.0
2012,7,22,0.0
2012,7,23,0.0
2012,7,24,0.0
2012,7,25,0.0
2012,7,26,0.0
2012,7,27,0.0
2012,7,28,7.8
2012,7,29,0.0
2012,7,30,0.0
2012,7,31,0.0
2012,8,1,4.8
2012,8,2,0.0
2012,8,3,26.0
2012,8,4,12.6
2012,8,5,0.0
2012,8,6,0.0
2012,8,7,0.0
2012,8,8,0.0
2012,8,9,0.0
2012,8,10,0.0
2012,8,11,0.0
2012,8,12,0.0
2012,8,13,0.0
2012,8,14,0.0
2012,8,15,0.0
2012,8,16,0.0
2012,8,17,4.2
2012,8,18,0.4
2012,8,19,0.0
2012,8,20,0.0
2012,8,21,0.4
2012,8,22,6.8
2012,8,23,2.8
2012,8,24,0.0
2012,8,25,0.0
2012,8,26,14.4
2012,8,27,23.0
2012,8,28,5.2
2012,8,29,1.2
2012,8,30,13.4
2012,8,31,33.0
2012,9,1,0.0
2012,9,2,0.0
2012,9,3,0.0
2012,9,4,1.6
2012,9,5,0.0
2012,9,6,0.0
2012,9,7,4.0
2012,9,8,7.8
2012,9,9,0.0
2012,9,10,3.0
2012,9,11,0.4
2012,9,12,0.0
2012,9,13,0.0
2012,9,14,0.0
2012,9,15,0.0
2012,9,16,0.0
2012,9,17,0.0
2012,9,18,0.0
2012,9,19,0.0
2012,9,20,0.0
2012,9,21,10.6
2012,9,22,0.0
2012,9,23,0.0
2012,9,24,28.4
2012,9,25,10.4
2012,9,26,2.4
2012,9,27,97.2
2012,9,28,0.0
2012,9,29,0.0
2012,9,30,0.0
2012,10,1,0.2
2012,10,2,0.0
2012,10,3,0.0
2012,10,4,10.6
2012,10,5,0.8
2012,10,6,2.0
2012,10,7,0.0
2012,10,8,0.0
2012,10,9,0.2
2012,10,10,0.0
2012,10,11,0.0
2012,10,12,0.0
2012,10,13,2.8
2012,10,14,0.2
2012,10,15,0.0
2012,10,16,0.0
2012,10,17,9.6
2012,10,18,30.6
2012,10,19,2.2
2012,10,20,29.0
2012,10,21,7.6
2012,10,22,0.0
2012,10,23,0.0
2012,10,24,0.0
2012,10,25,0.0
2012,10,26,0.8
2012,10,27,0.0
2012,10,28,0.0
2012,10,29,0.0
2012,10,30,0.0
2012,10,31,19.6
2012,11,1,0.0
2012,11,2,0.6
2012,11,3,28.4
2012,11,4,78.2
2012,11,5,0.0
2012,11,6,37.8
2012,11,7,0.0
2012,11,8,3.0
2012,11,9,18.2
2012,11,10,0.0
2012,11,11,0.0
2012,11,12,8.4
2012,11,13,4.8
2012,11,14,10.8
2012,11,15,1.6
2012,11,16,8.0
2012,11,17,25.4
2012,11,18,7.6
2012,11,19,0.2
2012,11,20,0.0
2012,11,21,2.4
2012,11,22,6.8
2012,11,23,44.8
2012,11,24,0.0
2012,11,25,1.4
2012,11,26,0.0
2012,11,27,0.2
2012,11,28,46.6
2012,11,29,0.0
2012,11,30,0.8
2012,12,1,0.0
2012,12,2,0.2
2012,12,3,27.8
2012,12,4,1.4
2012,12,5,0.0
2012,12,6,28.6
2012,12,7,0.0
2012,12,8,0.0
2012,12,9,2.6
2012,12,10,1.8
2012,12,11,6.8
2012,12,12,18.0
2012,12,13,10.0
2012,12,14,14.2
2012,12,15,14.2
2012,12,16,14.2
2012,12,17,7.8
2012,12,18,6.6
2012,12,19,32.4
2012,12,20,0.0
2012,12,21,11.4
2012,12,22,0.4
2012,12,23,0.6
2012,12,24,6.8
2012,12,25,0.0
2012,12,26,0.2
2012,12,27,0.0
2012,12,28,5.6
2012,12,29,6.2
2012,12,30,0.2
2012,12,31,61.8
2013,1,1,6.0
2013,1,2,1.0
2013,1,3,2.2
2013,1,4,12.4
2013,1,5,0.0
2013,1,6,0.0
2013,1,7,0.0
2013,1,8,18.8
2013,1,9,7.8
2013,1,10,0.2
2013,1,11,24.0
2013,1,12,15.8
2013,1,13,0.0
2013,1,14,12.6
2013,1,15,9.8
2013,1,16,0.4
2013,1,17,0.0
2013,1,18,62.4
2013,1,19,30.0
2013,1,20,1.6
2013,1,21,3.0
2013,1,22,0.6
2013,1,23,0.0
2013,1,24,1.6
2013,1,25,0.0
2013,1,26,0.0
2013,1,27,0.0
2013,1,28,0.0
2013,1,29,0.0
2013,1,30,0.0
2013,1,31,0.0
2013,2,1,0.0
2013,2,2,0.0
2013,2,3,47.4
2013,2,4,0.0
2013,2,5,39.6
2013,2,6,21.6
2013,2,7,9.4
2013,2,8,34.2
2013,2,9,18.6
2013,2,10,20.6
2013,2,11,2.4
2013,2,12,2.2
2013,2,13,2.6
2013,2,14,92.6
2013,2,15,45.6
2013,2,16,3.6
2013,2,17,0.0
2013,2,18,6.2
2013,2,19,1.2
2013,2,20,0.0
2013,2,21,32.6
2013,2,22,0.0
2013,2,23,0.0
2013,2,24,0.0
2013,2,25,7.8
2013,2,26,1.2
2013,2,27,0.2
2013,2,28,0.0
2013,3,1,0.0
2013,3,2,16.2
2013,3,3,0.0
2013,3,4,1.2
2013,3,5,0.8
2013,3,6,0.0
2013,3,7,0.0
2013,3,8,0.0
2013,3,9,17.6
2013,3,10,6.0
2013,3,11,0.0
2013,3,12,0.0
2013,3,13,0.4
2013,3,14,21.2
2013,3,15,0.0
2013,3,16,0.0
2013,3,17,18.8
2013,3,18,0.0
2013,3,19,0.0
2013,3,20,0.0
2013,3,21,0.0
2013,3,22,0.0
2013,3,23,0.0
2013,3,24,0.0
2013,3,25,1.6
2013,3,26,2.2
2013,3,27,0.6
2013,3,28,0.0
2013,3,29,1.8
2013,3,30,0.2
2013,3,31,0.0
2013,4,1,0.0
2013,4,2,0.0
2013,4,3,0.0
2013,4,4,61.4
2013,4,5,0.4
2013,4,6,27.4
2013,4,7,0.0
2013,4,8,10.8
2013,4,9,30.0
2013,4,10,0.0
2013,4,11,0.0
2013,4,12,0.0
2013,4,13,8.6
2013,4,14,0.6
2013,4,15,0.0
2013,4,16,37.0
2013,4,17,0.6
2013,4,18,2.0
2013,4,19,7.8
2013,4,20,0.0
2013,4,21,11.6
2013,4,22,0.2
2013,4,23,2.8
2013,4,24,0.0
2013,4,25,35.0
2013,4,26,0.6
2013,4,27,0.2
2013,4,28,17.0
2013,4,29,0.0
2013,4,30,0.0
2013,5,1,0.0
2013,5,2,0.6
2013,5,3,0.2
2013,5,4,0.4
2013,5,5,0.0
2013,5,6,0.0
2013,5,7,63.6
2013,5,8,0.0
2013,5,9,11.2
2013,5,10,1.4
2013,5,11,0.0
2013,5,12,0.0
2013,5,13,0.0
2013,5,14,0.0
2013,5,15,43.6
2013,5,16,4.6
2013,5,17,0.0
2013,5,18,0.0
2013,5,19,0.0
2013,5,20,0.4
2013,5,21,0.0
2013,5,22,15.2
2013,5,23,0.0
2013,5,24,1.2
2013,5,25,0.0
2013,5,26,6.0
2013,5,27,0.0
2013,5,28,0.0
2013,5,29,0.6
2013,5,30,0.0
2013,5,31,24.2
2013,6,1,0.0
2013,6,2,0.0
2013,6,3,2.6
2013,6,4,0.0
2013,6,5,23.8
2013,6,6,5.6
2013,6,7,0.0
2013,6,8,4.0
2013,6,9,6.0
2013,6,10,11.8
2013,6,11,0.0
2013,6,12,0.0
2013,6,13,0.0
2013,6,14,0.0
2013,6,15,0.0
2013,6,16,17.0
2013,6,17,0.0
2013,6,18,0.0
2013,6,19,0.0
2013,6,20,0.0
2013,6,21,0.0
2013,6,22,0.0
2013,6,23,0.0
2013,6,24,0.0
2013,6,25,1.2
2013,6,26,21.4
2013,6,27,0.0
2013,6,28,0.8
2013,6,29,0.6
2013,6,30,0.0
2013,7,1,0.0
2013,7,2,4.2
2013,7,3,0.0
2013,7,4,4.2
2013,7,5,0.0
2013,7,6,0.0
2013,7,7,0.0
2013,7,8,60.6
2013,7,9,14.0
2013,7,10,0.0
2013,7,11,1.6
2013,7,12,0.0
2013,7,13,19.2
2013,7,14,14.8
2013,7,15,0.0
2013,7,16,0.0
2013,7,17,0.6
2013,7,18,0.6
2013,7,19,0.0
2013,7,20,0.0
2013,7,21,0.0
2013,7,22,0.0
2013,7,23,0.0
2013,7,24,6.4
2013,7,25,0.0
2013,7,26,0.0
2013,7,27,13.4
2013,7,28,0.0
2013,7,29,0.0
2013,7,30,0.0
2013,7,31,9.2
2013,8,1,3.2
2013,8,2,0.0
2013,8,3,0.0
2013,8,4,0.2
2013,8,5,25.6
2013,8,6,2.2
2013,8,7,1.0
2013,8,8,0.2
2013,8,9,3.4
2013,8,10,44.4
2013,8,11,8.0
2013,8,12,31.0
2013,8,13,1.6
2013,8,14,3.4
2013,8,15,0.0
2013,8,16,0.0
2013,8,17,0.0
2013,8,18,0.0
2013,8,19,0.0
2013,8,20,0.0
2013,8,21,0.0
2013,8,22,0.0
2013,8,23,0.0
2013,8,24,0.0
2013,8,25,0.0
2013,8,26,13.8
2013,8,27,0.0
2013,8,28,0.6
2013,8,29,5.8
2013,8,30,0.0
2013,8,31,0.0
2013,9,1,7.8
2013,9,2,0.0
2013,9,3,0.0
2013,9,4,60.4
2013,9,5,79.0
2013,9,6,34.2
2013,9,7,26.0
2013,9,8,0.2
2013,9,9,25.4
2013,9,10,12.4
2013,9,11,0.0
2013,9,12,0.0
2013,9,13,0.0
2013,9,14,4.6
2013,9,15,14.4
2013,9,16,0.0
2013,9,17,15.0
2013,9,18,0.0
2013,9,19,0.0
2013,9,20,0.0
2013,9,21,0.0
2013,9,22,0.0
2013,9,23,0.0
2013,9,24,0.0
2013,9,25,1.8
2013,9,26,2.4
2013,9,27,0.0
2013,9,28,21.6
2013,9,29,25.2
2013,9,30,0.0
2013,10,1,0.2
2013,10,2,2.4
2013,10,3,0.0
2013,10,4,28.6
2013,10,5,10.0
2013,10,6,0.0
2013,10,7,0.0
2013,10,8,13.2
2013,10,9,0.0
2013,10,10,38.2
2013,10,11,1.2
2013,10,12,34.4
2013,10,13,0.0
2013,10,14,9.0
2013,10,15,9.2
2013,10,16,0.0
2013,10,17,0.0
2013,10,18,42.6
2013,10,19,2.4
2013,10,20,3.0
2013,10,21,29.8
2013,10,22,0.2
2013,10,23,0.0
2013,10,24,0.0
2013,10,25,0.0
2013,10,26,3.8
2013,10,27,0.0
2013,10,28,5.0
2013,10,29,2.8
2013,10,30,12.2
2013,10,31,10.8
2013,11,1,27.6
2013,11,2,0.2
2013,11,3,0.2
2013,11,4,20.6
2013,11,5,18.2
2013,11,6,0.0
2013,11,7,0.0
2013,11,8,0.2
2013,11,9,0.4
2013,11,10,2.0
2013,11,11,51.8
2013,11,12,3.4
2013,11,13,46.0
2013,11,14,0.4
2013,11,15,0.6
2013,11,16,55.6
2013,11,17,0.4
2013,11,18,1.8
2013,11,19,19.6
2013,11,20,12.6
2013,11,21,0.0
2013,11,22,27.0
2013,11,23,1.0
2013,11,24,3.5
2013,11,25,9.0
2013,11,26,4.2
2013,11,27,6.6
2013,11,28,0.0
2013,11,29,57.8
2013,11,30,56.4
2013,12,1,11.6
2013,12,2,7.8
2013,12,3,32.2
2013,12,4,0.2
2013,12,5,0.0
2013,12,6,3.4
2013,12,7,0.0
2013,12,8,24.6
2013,12,9,0.2
2013,12,10,0.0
2013,12,11,24.4
2013,12,12,14.4
2013,12,13,0.0
2013,12,14,1.4
2013,12,15,0.0
2013,12,16,0.0
2013,12,17,0.0
2013,12,18,30.4
2013,12,19,0.2
2013,12,20,7.6
2013,12,21,0.2
2013,12,22,0.0
2013,12,23,1.0
2013,12,24,0.0
2013,12,25,0.4
2013,12,26,19.4
2013,12,27,5.2
2013,12,28,0.4
2013,12,29,0.4
2013,12,30,1.6
2013,12,31,0.0
2014,1,1,0.0
2014,1,2,0.0
2014,1,3,0.6
2014,1,4,33.4
2014,1,5,8.4
2014,1,6,20.8
2014,1,7,5.0
2014,1,8,0.0
2014,1,9,0.6
2014,1,10,0.0
2014,1,11,12.6
2014,1,12,1.2
2014,1,13,0.0
2014,1,14,0.0
2014,1,15,0.0
2014,1,16,0.0
2014,1,17,0.0
2014,1,18,0.0
2014,1,19,0.0
2014,1,20,0.0
2014,1,21,0.0
2014,1,22,0.0
2014,1,23,0.0
2014,1,24,0.0
2014,1,25,0.0
2014,1,26,0.0
2014,1,27,0.0
2014,1,28,0.0
2014,1,29,0.0
2014,1,30,0.0
2014,1,31,0.0
2014,2,1,0.0
2014,2,2,0.0
2014,2,3,0.0
2014,2,4,0.0
2014,2,5,0.0
2014,2,6,0.0
2014,2,7,0.0
2014,2,8,0.0
2014,2,9,0.0
2014,2,10,0.0
2014,2,11,0.0
2014,2,12,0.0
2014,2,13,0.0
2014,2,14,0.0
2014,2,15,0.0
2014,2,16,0.0
2014,2,17,0.0
2014,2,18,0.0
2014,2,19,0.0
2014,2,20,0.0
2014,2,21,0.0
2014,2,22,0.0
2014,2,23,0.0
2014,2,24,0.0
2014,2,25,0.0
2014,2,26,0.0
2014,2,27,0.0
2014,2,28,0.0
2014,3,1,0.0
2014,3,2,0.0
2014,3,3,0.0
2014,3,4,0.0
2014,3,5,0.0
2014,3,6,0.0
2014,3,7,0.0
2014,3,8,0.0
2014,3,9,0.0
2014,3,10,0.0
2014,3,11,0.0
2014,3,12,0.0
2014,3,13,0.0
2014,3,14,0.0
2014,3,15,0.0
2014,3,16,33.4
2014,3,17,39.0
2014,3,18,25.2
2014,3,19,1.2
2014,3,20,56.2
2014,3,21,0.4
2014,3,22,0.0
2014,3,23,0.0
2014,3,24,0.0
2014,3,25,0.0
2014,3,26,0.0
2014,3,27,0.0
2014,3,28,0.0
2014,3,29,0.0
2014,3,30,0.0
2014,3,31,0.0
2014,4,1,0.0
2014,4,2,0.0
2014,4,3,0.0
2014,4,4,0.2
2014,4,5,43.8
2014,4,6,0.0
2014,4,7,0.0
2014,4,8,4.4
2014,4,9,0.0
2014,4,10,2.6
2014,4,11,0.4
2014,4,12,2.0
2014,4,13,2.2
2014,4,14,26.8
2014,4,15,0.2
2014,4,16,0.0
2014,4,17,3.8
2014,4,18,7.2
2014,4,19,0.0
2014,4,20,0.0
2014,4,21,13.4
2014,4,22,0.0
2014,4,23,0.0
2014,4,24,0.0
2014,4,25,0.0
2014,4,26,25.0
2014,4,27,36.2
2014,4,28,40.2
2014,4,29,18.8
2014,4,30,0.0
2014,5,1,0.2
2014,5,2,0.0
2014,5,3,0.0
2014,5,4,0.0
2014,5,5,0.0
2014,5,6,0.0
2014,5,7,3.6
2014,5,8,0.0
2014,5,9,0.8
2014,5,10,0.0
2014,5,11,0.0
2014,5,12,0.0
2014,5,13,0.0
2014,5,14,13.4
2014,5,15,0.0
2014,5,16,11.0
2014,5,17,0.2
2014,5,18,53.4
2014,5,19,8.8
2014,5,20,3.8
2014,5,21,0.0
2014,5,22,0.0
2014,5,23,7.6
2014,5,24,0.0
2014,5,25,0.0
2014,5,26,0.0
2014,5,27,11.6
2014,5,28,4.2
2014,5,29,0.0
2014,5,30,3.6
2014,5,31,2.2
2014,6,1,24.8
2014,6,2,0.0
2014,6,3,0.0
2014,6,4,4.2
2014,6,5,3.6
2014,6,6,4.6
2014,6,7,0.0
2014,6,8,0.0
2014,6,9,0.0
2014,6,10,0.6
2014,6,11,0.0
2014,6,12,9.4
2014,6,13,0.0
2014,6,14,5.6
2014,6,15,1.6
2014,6,16,0.0
2014,6,17,0.0
2014,6,18,17.6
2014,6,19,5.2
2014,6,20,0.0
2014,6,21,0.0
2014,6,22,0.2
2014,6,23,0.0
2014,6,24,2.2
2014,6,25,0.0
2014,6,26,0.0
2014,6,27,0.0
2014,6,28,0.0
2014,6,29,1.2
2014,6,30,10.2
2014,7,1,0.0
2014,7,2,0.0
2014,7,3,9.4
2014,7,4,0.2
2014,7,5,21.4
2014,7,6,1.2
2014,7,7,9.8
2014,7,8,23.0
2014,7,9,40.8
2014,7,10,0.0
2014,7,11,3.2
2014,7,12,0.2
2014,7,13,0.0
2014,7,14,0.0
2014,7,15,0.0
2014,7,16,0.0
2014,7,17,9.8
2014,7,18,0.0
2014,7,19,1.0
2014,7,20,0.0
2014,7,21,0.0
2014,7,22,0.0
2014,7,23,0.0
2014,7,24,0.0
2014,7,25,0.0
2014,7,26,0.0
2014,7,27,20.2
2014,7,28,0.0
2014,7,29,51.4
2014,7,30,15.8
2014,7,31,1.0
2014,8,1,0.0
2014,8,2,8.6
2014,8,3,0.0
2014,8,4,0.2
2014,8,5,1.6
2014,8,6,20.4
2014,8,7,0.8
2014,8,8,0.0
2014,8,9,0.0
2014,8,10,0.0
2014,8,11,0.0
2014,8,12,0.0
2014,8,13,1.6
2014,8,14,8.2
2014,8,15,17.8
2014,8,16,0.0
2014,8,17,0.0
2014,8,18,0.0
2014,8,19,11.8
2014,8,20,0.2
2014,8,21,32.4
2014,8,22,11.4
2014,8,23,0.0
2014,8,24,2.0
2014,8,25,9.4
2014,8,26,12.6
2014,8,27,30.0
2014,8,28,5.2
2014,8,29,7.6
2014,8,30,0.0
2014,8,31,0.4
2014,9,1,0.0
2014,9,2,0.0
2014,9,3,63.0
2014,9,4,0.0
2014,9,5,0.4
2014,9,6,0.6
2014,9,7,0.0
2014,9,8,0.0
2014,9,9,0.0
2014,9,10,0.0
2014,9,11,65.4
2014,9,12,0.0
2014,9,13,0.0
2014,9,14,0.0
2014,9,15,0.0
2014,9,16,0.0
2014,9,17,0.0
2014,9,18,0.0
2014,9,19,1.2
2014,9,20,27.0
2014,9,21,3.8
2014,9,22,0.0
2014,9,23,0.0
2014,9,24,7.6
2014,9,25,11.4
2014,9,26,0.0
2014,9,27,0.0
2014,9,28,0.0
2014,9,29,0.0
2014,9,30,0.0
2014,10,1,0.0
2014,10,2,0.0
2014,10,3,0.0
2014,10,4,41.8
2014,10,5,0.0
2014,10,6,0.0
2014,10,7,0.0
2014,10,8,0.0
2014,10,9,0.0
2014,10,10,0.0
2014,10,11,0.0
2014,10,12,0.2
2014,10,13,0.0
2014,10,14,0.0
2014,10,15,0.0
2014,10,16,0.0
2014,10,17,0.0
2014,10,18,1.0
2014,10,19,0.4
2014,10,20,0.0
2014,10,21,4.2
2014,10,22,4.6
2014,10,23,0.0
2014,10,24,0.0
2014,10,25,0.0
2014,10,26,0.0
2014,10,27,43.4
2014,10,28,0.0
2014,10,29,0.0
2014,10,30,0.0
2014,10,31,0.0
2014,11,1,44.2
2014,11,2,0.0
2014,11,3,0.0
2014,11,4,0.0
2014,11,5,5.8
2014,11,6,0.2
2014,11,7,15.4
2014,11,8,42.6
2014,11,9,11.2
2014,11,10,0.0
2014,11,11,45.0
2014,11,12,0.0
2014,11,13,0.6
2014,11,14,1.4
2014,11,15,1.2
2014,11,16,32.4
2014,11,17,10.2
2014,11,18,7.2
2014,11,19,0.0
2014,11,20,19.2
2014,11,21,0.0
2014,11,22,0.0
2014,11,23,14.8
2014,11,24,68.6
2014,11,25,2.6
2014,11,26,47.6
2014,11,27,0.2
2014,11,28,0.2
2014,11,29,5.6
2014,11,30,0.0
2014,12,1,3.0
2014,12,2,0.0
2014,12,3,0.0
2014,12,4,52.2
2014,12,5,0.0
2014,12,6,4.2
2014,12,7,33.2
2014,12,8,0.6
2014,12,9,0.2
2014,12,10,0.0
2014,12,11,37.8
2014,12,12,3.6
2014,12,13,24.8
2014,12,14,4.0
2014,12,15,0.0
2014,12,16,1.6
2014,12,17,46.6
2014,12,18,4.0
2014,12,19,40.4
2014,12,20,15.0
2014,12,21,42.6
2014,12,22,0.6
2014,12,23,0.4
2014,12,24,5.6
2014,12,25,0.0
2014,12,26,72.6
2014,12,27,75.2
2014,12,28,2.4
2014,12,29,5.4
2014,12,30,0.0
2014,12,31,0.0
2015,1,1,0.2
2015,1,2,0.0
2015,1,3,0.2
2015,1,4,0.0
2015,1,5,1.2
2015,1,6,31.2
2015,1,7,28.8
2015,1,8,19.4
2015,1,9,1.6
2015,1,10,0.6
2015,1,11,14.0
2015,1,12,3.0
2015,1,13,0.0
2015,1,14,0.0
2015,1,15,0.0
2015,1,16,0.0
2015,1,17,0.0
2015,1,18,0.0
2015,1,19,0.0
2015,1,20,0.0
2015,1,21,38.6
2015,1,22,0.0
2015,1,23,0.0
2015,1,24,0.2
2015,1,25,0.0
2015,1,26,0.0
2015,1,27,0.0
2015,1,28,1.0
2015,1,29,0.0
2015,1,30,0.0
2015,1,31,0.0
2015,2,1,0.0
2015,2,2,0.8
2015,2,3,0.0
2015,2,4,4.4
2015,2,5,0.0
2015,2,6,7.0
2015,2,7,0.0
2015,2,8,0.0
2015,2,9,0.0
2015,2,10,0.0
2015,2,11,0.0
2015,2,12,0.0
2015,2,13,0.0
2015,2,14,0.0
2015,2,15,0.0
2015,2,16,0.0
2015,2,17,0.0
2015,2,18,0.0
2015,2,19,19.8
2015,2,20,0.0
2015,2,21,0.0
2015,2,22,0.0
2015,2,23,4.8
2015,2,24,0.0
2015,2,25,0.0
2015,2,26,0.0
2015,2,27,0.0
2015,2,28,0.0
2015,3,1,0.0
2015,3,2,0.2
2015,3,3,0.0
2015,3,4,0.8
2015,3,5,0.0
2015,3,6,0.0
2015,3,7,0.0
2015,3,8,0.0
2015,3,9,14.0
2015,3,10,0.0
2015,3,11,7.2
2015,3,12,0.0
2015,3,13,0.0
2015,3,14,34.2
2015,3,15,0.0
2015,3,16,0.0
2015,3,17,0.0
2015,3,18,0.0
2015,3,19,12.8
2015,3,20,0.0
2015,3,21,0.0
2015,3,22,26.2
2015,3,23,0.0
2015,3,24,0.0
2015,3,25,0.0
2015,3,26,0.0
2015,3,27,0.0
2015,3,28,1.6
2015,3,29,52.6
2015,3,30,0.6
2015,3,31,0.0
2015,4,1,0.0
2015,4,2,63.0
2015,4,3,0.2
2015,4,4,0.0
2015,4,5,0.0
2015,4,6,0.0
2015,4,7,22.4
2015,4,8,0.0
2015,4,9,0.0
2015,4,10,1.2
2015,4,11,0.0
2015,4,12,0.0
2015,4,13,0.0
2015,4,14,0.0
2015,4,15,0.0
2015,4,16,0.0
2015,4,17,0.0
2015,4,18,0.0
2015,4,19,16.2
2015,4,20,0.0
2015,4,21,0.0
2015,4,22,19.0
2015,4,23,7.2
2015,4,24,34.0
2015,4,25,36.4
2015,4,26,30.8
2015,4,27,10.8
2015,4,28,23.6
2015,4,29,3.0
2015,4,30,3.6
2015,5,1,0.0
2015,5,2,21.8
2015,5,3,50.0
2015,5,4,0.0
2015,5,5,0.0
2015,5,6,9.8
2015,5,7,0.0
2015,5,8,0.8
2015,5,9,0.0
2015,5,10,6.8
2015,5,11,0.0
2015,5,12,0.0
2015,5,13,0.0
2015,5,14,0.0
2015,5,15,2.0
2015,5,16,0.0
2015,5,17,0.0
2015,5,18,1.4
2015,5,19,0.0
2015,5,20,15.6
2015,5,21,0.0
2015,5,22,0.0
2015,5,23,41.6
2015,5,24,0.0
2015,5,25,0.0
2015,5,26,16.0
2015,5,27,0.2
2015,5,28,0.0
2015,5,29,0.0
2015,5,30,0.0
2015,5,31,0.0
2015,6,1,0.0
2015,6,2,0.0
2015,6,3,0.0
2015,6,4,7.8
2015,6,5,0.0
2015,6,6,0.0
2015,6,7,20.0
2015,6,8,7.8
2015,6,9,0.2
2015,6,10,0.0
2015,6,11,1.2
2015,6,12,7.6
2015,6,13,0.0
2015,6,14,8.4
2015,6,15,0.0
2015,6,16,0.6
2015,6,17,0.0
2015,6,18,0.0
2015,6,19,0.0
2015,6,20,0.0
2015,6,21,0.0
2015,6,22,0.0
2015,6,23,0.0
2015,6,24,0.0
2015,6,25,0.0
2015,6,26,0.0
2015,6,27,0.0
2015,6,28,0.0
2015,6,29,0.0
2015,6,30,0.0
2015,7,1,1.8
2015,7,2,0.0
2015,7,3,0.0
2015,7,4,22.2
2015,7,5,0.0
2015,7,6,1.0
2015,7,7,0.0
2015,7,8,4.4
2015,7,9,0.2
2015,7,10,32.4
2015,7,11,0.6
2015,7,12,0.0
2015,7,13,0.0
2015,7,14,0.2
2015,7,15,0.0
2015,7,16,0.0
2015,7,17,0.6
2015,7,18,0.0
2015,7,19,0.0
2015,7,20,0.0
2015,7,21,0.0
2015,7,22,0.0
2015,7,23,0.0
2015,7,24,0.0
2015,7,25,0.0
2015,7,26,4.6
2015,7,27,0.0
2015,7,28,1.2
2015,7,29,0.0
2015,7,30,0.0
2015,7,31,1.4
2015,8,1,0.0
2015,8,2,0.0
2015,8,3,28.8
2015,8,4,43.0
2015,8,5,0.0
2015,8,6,10.6
2015,8,7,27.2
2015,8,8,31.8
2015,8,9,11.8
2015,8,10,5.6
2015,8,11,4.0
2015,8,12,6.0
2015,8,13,2.2
2015,8,14,0.0
2015,8,15,0.0
2015,8,16,7.0
2015,8,17,6.4
2015,8,18,0.0
2015,8,19,0.0
2015,8,20,0.0
2015,8,21,0.0
2015,8,22,0.0
2015,8,23,0.0
2015,8,24,0.0
2015,8,25,19.6
2015,8,26,1.2
2015,8,27,0.0
2015,8,28,0.0
2015,8,29,0.0
2015,8,30,0.0
2015,8,31,0.0
2015,9,1,0.0
2015,9,2,0.0
2015,9,3,13.2
2015,9,4,0.2
2015,9,5,0.0
2015,9,6,0.0
2015,9,7,0.0
2015,9,8,0.0
2015,9,9,0.0
2015,9,10,0.0
2015,9,11,0.0
2015,9,12,0.0
2015,9,13,0.0
2015,9,14,0.2
2015,9,15,15.4
2015,9,16,6.2
2015,9,17,0.0
2015,9,18,0.0
2015,9,19,0.0
2015,9,20,0.0
2015,9,21,0.0
2015,9,22,0.6
2015,9,23,0.0
2015,9,24,0.0
2015,9,25,0.0
2015,9,26,0.0
2015,9,27,0.0
2015,9,28,29.6
2015,9,29,0.2
2015,9,30,0.0
2015,10,1,0.0
2015,10,2,13.2
2015,10,3,0.0
2015,10,4,0.0
2015,10,5,0.0
2015,10,6,5.6
2015,10,7,17.4
2015,10,8,0.0
2015,10,9,0.0
2015,10,10,0.0
2015,10,11,0.0
2015,10,12,0.0
2015,10,13,0.0
2015,10,14,0.0
2015,10,15,0.0
2015,10,16,0.0
2015,10,17,0.0
2015,10,18,0.0
2015,10,19,0.0
2015,10,20,0.0
2015,10,21,0.0
2015,10,22,0.0
2015,10,23,0.0
2015,10,24,0.0
2015,10,25,0.0
2015,10,26,0.0
2015,10,27,0.0
2015,10,28,24.0
2015,10,29,0.0
2015,10,30,1.4
2015,10,31,0.4
2015,11,1,0.4
2015,11,2,0.0
2015,11,3,0.0
2015,11,4,9.4
2015,11,5,0.0
2015,11,6,0.0
2015,11,7,2.6
2015,11,8,0.0
2015,11,9,13.2
2015,11,10,0.0
2015,11,11,
2015,11,12,
2015,11,13,
2015,11,14,
2015,11,15,
2015,11,16,
2015,11,17,
2015,11,18,
2015,11,19,
2015,11,20,
2015,11,21,
2015,11,22,
2015,11,23,
2015,11,24,
2015,11,25,
2015,11,26,
2015,11,27,
2015,11,28,
2015,11,29,
2015,11,30,
