year,month,day,Mean Temperature (&#176;C)
2010,3,1,
2010,3,2,28.8
2010,3,3,28.8
2010,3,4,28.8
2010,3,5,28.9
2010,3,6,28.7
2010,3,7,
2010,3,8,
2010,3,9,
2010,3,10,28.0
2010,3,11,28.8
2010,3,12,28.9
2010,3,13,28.4
2010,3,14,
2010,3,15,27.6
2010,3,16,
2010,3,17,28.9
2010,3,18,
2010,3,19,
2010,3,20,
2010,3,21,
2010,3,22,28.0
2010,3,23,27.5
2010,3,24,28.6
2010,3,25,
2010,3,26,
2010,3,27,
2010,3,28,
2010,3,29,
2010,3,30,27.5
2010,3,31,27.9
2010,4,1,28.4
2010,4,2,28.4
2010,4,3,27.4
2010,4,4,26.0
2010,4,5,27.3
2010,4,6,29.3
2010,4,7,29.7
2010,4,8,29.6
2010,4,9,
2010,4,10,27.4
2010,4,11,29.3
2010,4,12,
2010,4,13,
2010,4,14,29.2
2010,4,15,29.0
2010,4,16,27.7
2010,4,17,28.6
2010,4,18,28.6
2010,4,19,28.5
2010,4,20,28.7
2010,4,21,28.6
2010,4,22,28.4
2010,4,23,28.4
2010,4,24,27.8
2010,4,25,29.3
2010,4,26,27.1
2010,4,27,28.5
2010,4,28,29.0
2010,4,29,28.8
2010,4,30,29.8
2010,5,1,30.2
2010,5,2,29.8
2010,5,3,29.4
2010,5,4,29.9
2010,5,5,30.2
2010,5,6,30.1
2010,5,7,30.4
2010,5,8,29.6
2010,5,9,28.3
2010,5,10,28.8
2010,5,11,28.8
2010,5,12,29.3
2010,5,13,28.9
2010,5,14,29.2
2010,5,15,29.0
2010,5,16,29.5
2010,5,17,27.9
2010,5,18,28.5
2010,5,19,27.1
2010,5,20,29.1
2010,5,21,29.2
2010,5,22,28.2
2010,5,23,29.2
2010,5,24,30.4
2010,5,25,30.4
2010,5,26,30.9
2010,5,27,30.0
2010,5,28,29.5
2010,5,29,29.6
2010,5,30,28.7
2010,5,31,28.2
2010,6,1,29.5
2010,6,2,28.4
2010,6,3,30.1
2010,6,4,29.6
2010,6,5,28.3
2010,6,6,29.6
2010,6,7,28.6
2010,6,8,27.2
2010,6,9,28.2
2010,6,10,27.8
2010,6,11,29.4
2010,6,12,29.5
2010,6,13,28.6
2010,6,14,28.4
2010,6,15,27.8
2010,6,16,27.0
2010,6,17,28.4
2010,6,18,29.2
2010,6,19,28.7
2010,6,20,29.1
2010,6,21,29.9
2010,6,22,28.3
2010,6,23,26.9
2010,6,24,28.3
2010,6,25,26.9
2010,6,26,28.9
2010,6,27,27.7
2010,6,28,28.4
2010,6,29,28.6
2010,6,30,29.2
2010,7,1,27.2
2010,7,2,26.5
2010,7,3,26.6
2010,7,4,28.0
2010,7,5,29.0
2010,7,6,29.6
2010,7,7,29.0
2010,7,8,27.3
2010,7,9,28.4
2010,7,10,27.9
2010,7,11,28.5
2010,7,12,28.4
2010,7,13,28.7
2010,7,14,28.7
2010,7,15,29.4
2010,7,16,27.7
2010,7,17,27.1
2010,7,18,27.2
2010,7,19,27.8
2010,7,20,27.3
2010,7,21,27.5
2010,7,22,26.7
2010,7,23,28.0
2010,7,24,27.6
2010,7,25,28.7
2010,7,26,25.9
2010,7,27,28.5
2010,7,28,26.8
2010,7,29,28.7
2010,7,30,26.1
2010,7,31,27.9
2010,8,1,26.1
2010,8,2,28.3
2010,8,3,28.5
2010,8,4,26.9
2010,8,5,28.2
2010,8,6,29.0
2010,8,7,27.6
2010,8,8,28.5
2010,8,9,28.7
2010,8,10,28.8
2010,8,11,27.7
2010,8,12,28.7
2010,8,13,29.2
2010,8,14,27.2
2010,8,15,27.2
2010,8,16,27.0
2010,8,17,27.3
2010,8,18,26.8
2010,8,19,27.2
2010,8,20,25.9
2010,8,21,27.6
2010,8,22,28.8
2010,8,23,28.0
2010,8,24,28.8
2010,8,25,28.6
2010,8,26,29.1
2010,8,27,27.9
2010,8,28,28.2
2010,8,29,27.6
2010,8,30,27.4
2010,8,31,27.8
2010,9,1,28.8
2010,9,2,28.7
2010,9,3,
2010,9,4,29.2
2010,9,5,26.2
2010,9,6,27.2
2010,9,7,28.2
2010,9,8,26.9
2010,9,9,28.5
2010,9,10,27.4
2010,9,11,28.3
2010,9,12,28.9
2010,9,13,29.0
2010,9,14,29.7
2010,9,15,27.7
2010,9,16,27.9
2010,9,17,26.7
2010,9,18,28.5
2010,9,19,29.0
2010,9,20,28.5
2010,9,21,28.2
2010,9,22,27.5
2010,9,23,27.0
2010,9,24,27.2
2010,9,25,27.2
2010,9,26,28.6
2010,9,27,27.4
2010,9,28,27.8
2010,9,29,28.3
2010,9,30,27.3
2010,10,1,28.3
2010,10,2,29.1
2010,10,3,28.2
2010,10,4,28.4
2010,10,5,28.9
2010,10,6,28.4
2010,10,7,28.0
2010,10,8,28.9
2010,10,9,29.7
2010,10,10,30.0
2010,10,11,30.1
2010,10,12,29.0
2010,10,13,27.8
2010,10,14,29.4
2010,10,15,30.2
2010,10,16,30.2
2010,10,17,29.0
2010,10,18,29.4
2010,10,19,29.0
2010,10,20,29.0
2010,10,21,28.8
2010,10,22,28.8
2010,10,23,27.4
2010,10,24,26.8
2010,10,25,27.6
2010,10,26,27.9
2010,10,27,26.9
2010,10,28,28.5
2010,10,29,27.7
2010,10,30,27.1
2010,10,31,27.8
2010,11,1,28.5
2010,11,2,28.2
2010,11,3,29.6
2010,11,4,28.5
2010,11,5,28.3
2010,11,6,27.9
2010,11,7,26.8
2010,11,8,27.2
2010,11,9,26.8
2010,11,10,28.6
2010,11,11,27.2
2010,11,12,27.3
2010,11,13,28.1
2010,11,14,26.0
2010,11,15,27.1
2010,11,16,26.4
2010,11,17,26.5
2010,11,18,27.7
2010,11,19,28.2
2010,11,20,27.3
2010,11,21,28.6
2010,11,22,29.0
2010,11,23,28.8
2010,11,24,27.3
2010,11,25,26.3
2010,11,26,27.0
2010,11,27,28.2
2010,11,28,28.3
2010,11,29,26.5
2010,11,30,27.1
2010,12,1,27.1
2010,12,2,27.1
2010,12,3,26.6
2010,12,4,25.9
2010,12,5,27.4
2010,12,6,27.8
2010,12,7,28.1
2010,12,8,27.4
2010,12,9,26.8
2010,12,10,27.3
2010,12,11,27.7
2010,12,12,28.1
2010,12,13,27.5
2010,12,14,28.2
2010,12,15,27.8
2010,12,16,26.0
2010,12,17,26.7
2010,12,18,26.0
2010,12,19,26.8
2010,12,20,27.0
2010,12,21,26.9
2010,12,22,27.0
2010,12,23,26.9
2010,12,24,27.3
2010,12,25,26.2
2010,12,26,26.7
2010,12,27,26.6
2010,12,28,25.5
2010,12,29,26.2
2010,12,30,25.7
2010,12,31,26.5
2011,1,1,26.4
2011,1,2,26.9
2011,1,3,26.0
2011,1,4,27.2
2011,1,5,27.0
2011,1,6,25.4
2011,1,7,25.2
2011,1,8,25.8
2011,1,9,26.0
2011,1,10,24.8
2011,1,11,25.2
2011,1,12,26.1
2011,1,13,26.7
2011,1,14,25.8
2011,1,15,26.2
2011,1,16,26.5
2011,1,17,25.5
2011,1,18,26.3
2011,1,19,26.8
2011,1,20,26.7
2011,1,21,26.6
2011,1,22,27.0
2011,1,23,27.0
2011,1,24,27.3
2011,1,25,25.7
2011,1,26,25.1
2011,1,27,26.6
2011,1,28,25.9
2011,1,29,25.5
2011,1,30,23.7
2011,1,31,23.8
2011,2,1,25.4
2011,2,2,26.1
2011,2,3,26.4
2011,2,4,26.1
2011,2,5,26.5
2011,2,6,26.7
2011,2,7,26.5
2011,2,8,26.5
2011,2,9,27.0
2011,2,10,27.6
2011,2,11,26.9
2011,2,12,27.0
2011,2,13,27.7
2011,2,14,27.7
2011,2,15,26.5
2011,2,16,27.5
2011,2,17,28.2
2011,2,18,27.6
2011,2,19,27.1
2011,2,20,27.6
2011,2,21,28.0
2011,2,22,27.0
2011,2,23,26.8
2011,2,24,26.9
2011,2,25,26.8
2011,2,26,26.6
2011,2,27,27.4
2011,2,28,27.1
2011,3,1,27.2
2011,3,2,27.7
2011,3,3,26.9
2011,3,4,26.6
2011,3,5,27.7
2011,3,6,27.4
2011,3,7,28.0
2011,3,8,26.8
2011,3,9,26.2
2011,3,10,25.5
2011,3,11,25.2
2011,3,12,26.6
2011,3,13,27.8
2011,3,14,26.4
2011,3,15,26.4
2011,3,16,27.2
2011,3,17,25.8
2011,3,18,27.9
2011,3,19,26.8
2011,3,20,26.5
2011,3,21,27.2
2011,3,22,25.8
2011,3,23,27.8
2011,3,24,27.8
2011,3,25,28.6
2011,3,26,28.6
2011,3,27,28.1
2011,3,28,27.4
2011,3,29,
2011,3,30,28.8
2011,3,31,28.4
2011,4,1,28.4
2011,4,2,27.7
2011,4,3,28.5
2011,4,4,28.3
2011,4,5,27.1
2011,4,6,27.5
2011,4,7,28.2
2011,4,8,28.1
2011,4,9,27.5
2011,4,10,27.0
2011,4,11,26.4
2011,4,12,27.4
2011,4,13,26.9
2011,4,14,26.7
2011,4,15,27.6
2011,4,16,27.2
2011,4,17,28.2
2011,4,18,27.4
2011,4,19,28.9
2011,4,20,26.8
2011,4,21,27.8
2011,4,22,28.3
2011,4,23,28.6
2011,4,24,27.9
2011,4,25,28.7
2011,4,26,28.1
2011,4,27,28.1
2011,4,28,28.8
2011,4,29,27.9
2011,4,30,27.6
2011,5,1,27.7
2011,5,2,26.5
2011,5,3,27.8
2011,5,4,27.3
2011,5,5,28.8
2011,5,6,29.8
2011,5,7,30.2
2011,5,8,30.2
2011,5,9,29.9
2011,5,10,28.9
2011,5,11,29.7
2011,5,12,27.9
2011,5,13,28.4
2011,5,14,27.9
2011,5,15,29.2
2011,5,16,28.8
2011,5,17,28.9
2011,5,18,28.4
2011,5,19,28.5
2011,5,20,29.0
2011,5,21,27.6
2011,5,22,28.9
2011,5,23,28.8
2011,5,24,29.8
2011,5,25,28.0
2011,5,26,28.3
2011,5,27,28.3
2011,5,28,28.9
2011,5,29,29.0
2011,5,30,29.4
2011,5,31,28.4
2011,6,1,28.0
2011,6,2,
2011,6,3,29.4
2011,6,4,28.8
2011,6,5,26.8
2011,6,6,27.2
2011,6,7,29.0
2011,6,8,29.6
2011,6,9,27.8
2011,6,10,29.3
2011,6,11,27.6
2011,6,12,28.9
2011,6,13,28.8
2011,6,14,28.9
2011,6,15,29.6
2011,6,16,27.7
2011,6,17,29.3
2011,6,18,27.8
2011,6,19,29.0
2011,6,20,29.4
2011,6,21,29.7
2011,6,22,29.5
2011,6,23,27.5
2011,6,24,29.4
2011,6,25,28.8
2011,6,26,29.7
2011,6,27,29.2
2011,6,28,29.0
2011,6,29,28.3
2011,6,30,26.7
2011,7,1,28.9
2011,7,2,29.2
2011,7,3,29.1
2011,7,4,29.3
2011,7,5,29.6
2011,7,6,29.6
2011,7,7,29.6
2011,7,8,29.6
2011,7,9,29.4
2011,7,10,28.7
2011,7,11,29.1
2011,7,12,27.9
2011,7,13,29.5
2011,7,14,29.5
2011,7,15,27.4
2011,7,16,27.0
2011,7,17,28.7
2011,7,18,29.5
2011,7,19,29.3
2011,7,20,29.5
2011,7,21,29.6
2011,7,22,27.9
2011,7,23,28.8
2011,7,24,29.4
2011,7,25,28.0
2011,7,26,29.1
2011,7,27,28.4
2011,7,28,28.9
2011,7,29,29.4
2011,7,30,29.4
2011,7,31,29.2
2011,8,1,29.3
2011,8,2,
2011,8,3,29.0
2011,8,4,26.7
2011,8,5,27.9
2011,8,6,28.8
2011,8,7,27.2
2011,8,8,28.7
2011,8,9,29.2
2011,8,10,29.2
2011,8,11,29.3
2011,8,12,29.2
2011,8,13,28.7
2011,8,14,29.0
2011,8,15,26.5
2011,8,16,28.1
2011,8,17,28.8
2011,8,18,29.4
2011,8,19,29.4
2011,8,20,28.6
2011,8,21,28.8
2011,8,22,29.3
2011,8,23,28.7
2011,8,24,29.4
2011,8,25,28.6
2011,8,26,26.8
2011,8,27,26.1
2011,8,28,28.6
2011,8,29,27.2
2011,8,30,27.8
2011,8,31,29.0
2011,9,1,29.4
2011,9,2,29.3
2011,9,3,28.9
2011,9,4,29.0
2011,9,5,29.0
2011,9,6,29.3
2011,9,7,29.2
2011,9,8,28.9
2011,9,9,29.3
2011,9,10,27.4
2011,9,11,27.8
2011,9,12,28.7
2011,9,13,29.0
2011,9,14,28.0
2011,9,15,27.5
2011,9,16,28.8
2011,9,17,28.5
2011,9,18,28.2
2011,9,19,27.0
2011,9,20,27.3
2011,9,21,27.9
2011,9,22,26.4
2011,9,23,28.9
2011,9,24,29.4
2011,9,25,29.2
2011,9,26,27.2
2011,9,27,28.2
2011,9,28,28.2
2011,9,29,29.0
2011,9,30,27.7
2011,10,1,28.5
2011,10,2,27.4
2011,10,3,29.4
2011,10,4,26.1
2011,10,5,27.9
2011,10,6,27.9
2011,10,7,28.0
2011,10,8,28.1
2011,10,9,27.6
2011,10,10,28.0
2011,10,11,26.6
2011,10,12,27.1
2011,10,13,28.7
2011,10,14,29.4
2011,10,15,29.7
2011,10,16,29.5
2011,10,17,29.2
2011,10,18,27.6
2011,10,19,26.8
2011,10,20,26.8
2011,10,21,26.5
2011,10,22,27.2
2011,10,23,28.2
2011,10,24,28.8
2011,10,25,27.9
2011,10,26,27.2
2011,10,27,26.0
2011,10,28,26.9
2011,10,29,28.0
2011,10,30,28.7
2011,10,31,26.8
2011,11,1,27.1
2011,11,2,27.3
2011,11,3,27.2
2011,11,4,27.0
2011,11,5,27.6
2011,11,6,27.9
2011,11,7,28.5
2011,11,8,28.0
2011,11,9,28.6
2011,11,10,28.9
2011,11,11,28.4
2011,11,12,26.5
2011,11,13,26.7
2011,11,14,26.7
2011,11,15,27.5
2011,11,16,27.3
2011,11,17,28.1
2011,11,18,27.0
2011,11,19,27.8
2011,11,20,27.4
2011,11,21,27.2
2011,11,22,28.2
2011,11,23,26.6
2011,11,24,26.7
2011,11,25,27.8
2011,11,26,27.8
2011,11,27,27.5
2011,11,28,26.9
2011,11,29,27.2
2011,11,30,27.5
2011,12,1,27.4
2011,12,2,26.3
2011,12,3,26.5
2011,12,4,27.1
2011,12,5,27.2
2011,12,6,28.4
2011,12,7,27.8
2011,12,8,28.1
2011,12,9,27.6
2011,12,10,28.2
2011,12,11,26.0
2011,12,12,26.5
2011,12,13,27.7
2011,12,14,27.4
2011,12,15,27.4
2011,12,16,27.4
2011,12,17,26.5
2011,12,18,26.0
2011,12,19,25.0
2011,12,20,26.1
2011,12,21,27.5
2011,12,22,26.3
2011,12,23,25.9
2011,12,24,26.2
2011,12,25,26.2
2011,12,26,27.2
2011,12,27,27.4
2011,12,28,26.4
2011,12,29,26.4
2011,12,30,27.6
2011,12,31,27.9
2012,1,1,27.9
2012,1,2,28.1
2012,1,3,28.0
2012,1,4,27.7
2012,1,5,27.4
2012,1,6,28.0
2012,1,7,27.4
2012,1,8,25.8
2012,1,9,25.8
2012,1,10,25.6
2012,1,11,26.8
2012,1,12,26.6
2012,1,13,27.1
2012,1,14,27.8
2012,1,15,27.8
2012,1,16,28.6
2012,1,17,28.7
2012,1,18,27.7
2012,1,19,28.5
2012,1,20,26.4
2012,1,21,26.4
2012,1,22,27.2
2012,1,23,26.1
2012,1,24,27.2
2012,1,25,28.0
2012,1,26,27.8
2012,1,27,27.2
2012,1,28,26.8
2012,1,29,27.9
2012,1,30,27.5
2012,1,31,26.4
2012,2,1,27.6
2012,2,2,25.9
2012,2,3,25.9
2012,2,4,26.9
2012,2,5,27.6
2012,2,6,27.1
2012,2,7,27.5
2012,2,8,28.3
2012,2,9,27.6
2012,2,10,28.1
2012,2,11,28.3
2012,2,12,27.7
2012,2,13,27.3
2012,2,14,27.8
2012,2,15,27.6
2012,2,16,28.1
2012,2,17,27.7
2012,2,18,26.2
2012,2,19,26.5
2012,2,20,27.3
2012,2,21,27.2
2012,2,22,27.4
2012,2,23,28.3
2012,2,24,28.6
2012,2,25,28.6
2012,2,26,27.7
2012,2,27,27.6
2012,2,28,28.4
2012,2,29,27.7
2012,3,1,26.7
2012,3,2,26.0
2012,3,3,27.2
2012,3,4,28.3
2012,3,5,26.4
2012,3,6,28.2
2012,3,7,27.8
2012,3,8,27.7
2012,3,9,27.4
2012,3,10,27.5
2012,3,11,27.3
2012,3,12,26.4
2012,3,13,26.5
2012,3,14,25.1
2012,3,15,27.2
2012,3,16,28.9
2012,3,17,28.1
2012,3,18,27.4
2012,3,19,27.9
2012,3,20,28.6
2012,3,21,28.4
2012,3,22,28.3
2012,3,23,28.6
2012,3,24,28.4
2012,3,25,27.4
2012,3,26,28.1
2012,3,27,27.8
2012,3,28,27.8
2012,3,29,28.2
2012,3,30,28.0
2012,3,31,26.4
2012,4,1,28.8
2012,4,2,27.4
2012,4,3,28.2
2012,4,4,27.5
2012,4,5,28.7
2012,4,6,27.4
2012,4,7,27.0
2012,4,8,27.4
2012,4,9,27.4
2012,4,10,27.1
2012,4,11,27.4
2012,4,12,27.9
2012,4,13,29.2
2012,4,14,28.1
2012,4,15,27.7
2012,4,16,28.7
2012,4,17,27.5
2012,4,18,29.3
2012,4,19,27.8
2012,4,20,28.9
2012,4,21,27.5
2012,4,22,28.8
2012,4,23,
2012,4,24,27.4
2012,4,25,28.9
2012,4,26,29.0
2012,4,27,29.0
2012,4,28,29.3
2012,4,29,29.7
2012,4,30,28.5
2012,5,1,29.0
2012,5,2,27.9
2012,5,3,29.1
2012,5,4,29.5
2012,5,5,27.6
2012,5,6,27.9
2012,5,7,26.9
2012,5,8,29.1
2012,5,9,28.1
2012,5,10,29.1
2012,5,11,29.1
2012,5,12,29.7
2012,5,13,28.2
2012,5,14,30.1
2012,5,15,29.8
2012,5,16,28.4
2012,5,17,27.9
2012,5,18,29.5
2012,5,19,30.1
2012,5,20,29.9
2012,5,21,28.7
2012,5,22,30.0
2012,5,23,27.9
2012,5,24,29.5
2012,5,25,28.8
2012,5,26,29.4
2012,5,27,27.7
2012,5,28,29.5
2012,5,29,28.6
2012,5,30,29.1
2012,5,31,29.0
2012,6,1,27.9
2012,6,2,29.1
2012,6,3,28.9
2012,6,4,29.6
2012,6,5,29.6
2012,6,6,29.6
2012,6,7,30.2
2012,6,8,29.1
2012,6,9,27.2
2012,6,10,29.4
2012,6,11,29.6
2012,6,12,29.1
2012,6,13,30.0
2012,6,14,30.2
2012,6,15,30.2
2012,6,16,30.0
2012,6,17,30.0
2012,6,18,29.9
2012,6,19,29.4
2012,6,20,29.7
2012,6,21,28.7
2012,6,22,29.6
2012,6,23,30.0
2012,6,24,30.0
2012,6,25,29.5
2012,6,26,29.4
2012,6,27,28.4
2012,6,28,28.7
2012,6,29,29.6
2012,6,30,28.4
2012,7,1,29.2
2012,7,2,28.3
2012,7,3,27.2
2012,7,4,27.7
2012,7,5,27.0
2012,7,6,28.6
2012,7,7,28.3
2012,7,8,28.2
2012,7,9,28.6
2012,7,10,27.6
2012,7,11,27.8
2012,7,12,28.3
2012,7,13,28.7
2012,7,14,27.2
2012,7,15,28.1
2012,7,16,27.3
2012,7,17,27.1
2012,7,18,27.5
2012,7,19,27.5
2012,7,20,28.2
2012,7,21,29.0
2012,7,22,29.4
2012,7,23,29.6
2012,7,24,29.6
2012,7,25,29.4
2012,7,26,29.7
2012,7,27,29.2
2012,7,28,28.0
2012,7,29,28.7
2012,7,30,29.2
2012,7,31,29.3
2012,8,1,28.4
2012,8,2,29.0
2012,8,3,28.4
2012,8,4,27.5
2012,8,5,28.5
2012,8,6,28.0
2012,8,7,28.2
2012,8,8,29.0
2012,8,9,29.1
2012,8,10,29.4
2012,8,11,29.3
2012,8,12,29.3
2012,8,13,29.1
2012,8,14,29.3
2012,8,15,29.3
2012,8,16,29.1
2012,8,17,27.7
2012,8,18,28.7
2012,8,19,29.0
2012,8,20,29.1
2012,8,21,28.3
2012,8,22,28.4
2012,8,23,27.7
2012,8,24,29.0
2012,8,25,28.7
2012,8,26,28.6
2012,8,27,27.0
2012,8,28,26.8
2012,8,29,28.3
2012,8,30,27.2
2012,8,31,27.1
2012,9,1,29.2
2012,9,2,29.2
2012,9,3,29.4
2012,9,4,29.2
2012,9,5,26.8
2012,9,6,27.6
2012,9,7,28.0
2012,9,8,28.7
2012,9,9,27.2
2012,9,10,27.5
2012,9,11,28.1
2012,9,12,28.4
2012,9,13,28.6
2012,9,14,28.8
2012,9,15,29.1
2012,9,16,29.1
2012,9,17,29.1
2012,9,18,29.4
2012,9,19,29.2
2012,9,20,29.2
2012,9,21,28.1
2012,9,22,28.0
2012,9,23,28.9
2012,9,24,28.7
2012,9,25,28.4
2012,9,26,27.2
2012,9,27,28.3
2012,9,28,28.3
2012,9,29,29.4
2012,9,30,29.3
2012,10,1,29.2
2012,10,2,28.4
2012,10,3,29.4
2012,10,4,29.0
2012,10,5,27.8
2012,10,6,28.4
2012,10,7,27.8
2012,10,8,28.8
2012,10,9,28.8
2012,10,10,28.7
2012,10,11,28.4
2012,10,12,28.8
2012,10,13,27.3
2012,10,14,28.0
2012,10,15,28.2
2012,10,16,28.3
2012,10,17,27.3
2012,10,18,26.8
2012,10,19,26.7
2012,10,20,27.0
2012,10,21,26.5
2012,10,22,27.9
2012,10,23,28.7
2012,10,24,29.3
2012,10,25,29.8
2012,10,26,29.2
2012,10,27,28.8
2012,10,28,29.7
2012,10,29,29.2
2012,10,30,28.3
2012,10,31,26.5
2012,11,1,27.1
2012,11,2,28.3
2012,11,3,26.4
2012,11,4,26.8
2012,11,5,26.8
2012,11,6,27.2
2012,11,7,27.8
2012,11,8,27.5
2012,11,9,27.4
2012,11,10,27.3
2012,11,11,28.2
2012,11,12,27.3
2012,11,13,26.8
2012,11,14,27.1
2012,11,15,27.5
2012,11,16,28.8
2012,11,17,27.4
2012,11,18,27.4
2012,11,19,27.3
2012,11,20,28.1
2012,11,21,28.4
2012,11,22,27.3
2012,11,23,27.6
2012,11,24,27.9
2012,11,25,27.5
2012,11,26,28.0
2012,11,27,27.7
2012,11,28,28.0
2012,11,29,27.8
2012,11,30,28.7
2012,12,1,27.9
2012,12,2,27.8
2012,12,3,26.6
2012,12,4,27.0
2012,12,5,27.1
2012,12,6,27.4
2012,12,7,28.7
2012,12,8,28.8
2012,12,9,27.4
2012,12,10,26.9
2012,12,11,26.7
2012,12,12,26.6
2012,12,13,25.9
2012,12,14,27.5
2012,12,15,26.6
2012,12,16,26.0
2012,12,17,26.4
2012,12,18,25.7
2012,12,19,26.3
2012,12,20,27.8
2012,12,21,27.1
2012,12,22,27.2
2012,12,23,27.5
2012,12,24,27.1
2012,12,25,25.8
2012,12,26,27.1
2012,12,27,27.7
2012,12,28,27.7
2012,12,29,27.5
2012,12,30,28.1
2012,12,31,25.9
2013,1,1,27.3
2013,1,2,26.9
2013,1,3,27.5
2013,1,4,27.6
2013,1,5,28.4
2013,1,6,28.8
2013,1,7,29.7
2013,1,8,28.0
2013,1,9,27.4
2013,1,10,27.7
2013,1,11,27.6
2013,1,12,27.7
2013,1,13,27.3
2013,1,14,27.3
2013,1,15,27.4
2013,1,16,27.5
2013,1,17,27.8
2013,1,18,27.3
2013,1,19,24.2
2013,1,20,25.2
2013,1,21,27.4
2013,1,22,26.5
2013,1,23,27.8
2013,1,24,27.5
2013,1,25,27.7
2013,1,26,28.0
2013,1,27,27.8
2013,1,28,27.8
2013,1,29,27.8
2013,1,30,28.1
2013,1,31,28.1
2013,2,1,28.2
2013,2,2,28.6
2013,2,3,26.5
2013,2,4,27.2
2013,2,5,
2013,2,6,25.9
2013,2,7,26.4
2013,2,8,26.0
2013,2,9,26.5
2013,2,10,25.1
2013,2,11,26.2
2013,2,12,26.5
2013,2,13,27.3
2013,2,14,25.4
2013,2,15,25.8
2013,2,16,26.0
2013,2,17,25.5
2013,2,18,26.8
2013,2,19,26.5
2013,2,20,27.6
2013,2,21,27.1
2013,2,22,28.1
2013,2,23,28.5
2013,2,24,28.3
2013,2,25,27.6
2013,2,26,27.0
2013,2,27,27.5
2013,2,28,28.5
2013,3,1,28.6
2013,3,2,28.3
2013,3,3,28.5
2013,3,4,28.6
2013,3,5,28.2
2013,3,6,28.2
2013,3,7,28.3
2013,3,8,28.3
2013,3,9,27.5
2013,3,10,27.5
2013,3,11,28.1
2013,3,12,28.3
2013,3,13,28.0
2013,3,14,27.8
2013,3,15,28.9
2013,3,16,28.9
2013,3,17,27.9
2013,3,18,28.8
2013,3,19,28.9
2013,3,20,29.1
2013,3,21,29.7
2013,3,22,29.0
2013,3,23,28.8
2013,3,24,29.0
2013,3,25,28.7
2013,3,26,28.4
2013,3,27,29.1
2013,3,28,29.3
2013,3,29,28.5
2013,3,30,29.1
2013,3,31,29.3
2013,4,1,28.9
2013,4,2,29.1
2013,4,3,28.7
2013,4,4,28.5
2013,4,5,29.1
2013,4,6,28.2
2013,4,7,28.4
2013,4,8,28.8
2013,4,9,28.5
2013,4,10,29.0
2013,4,11,28.2
2013,4,12,29.1
2013,4,13,29.8
2013,4,14,27.3
2013,4,15,29.3
2013,4,16,30.0
2013,4,17,28.8
2013,4,18,30.3
2013,4,19,27.8
2013,4,20,29.8
2013,4,21,27.8
2013,4,22,28.5
2013,4,23,28.6
2013,4,24,28.7
2013,4,25,29.6
2013,4,26,27.7
2013,4,27,28.8
2013,4,28,27.1
2013,4,29,28.9
2013,4,30,29.7
2013,5,1,29.0
2013,5,2,29.4
2013,5,3,28.8
2013,5,4,29.2
2013,5,5,28.7
2013,5,6,29.0
2013,5,7,27.9
2013,5,8,28.2
2013,5,9,28.7
2013,5,10,29.4
2013,5,11,28.8
2013,5,12,30.3
2013,5,13,30.6
2013,5,14,30.0
2013,5,15,29.9
2013,5,16,28.0
2013,5,17,30.2
2013,5,18,28.6
2013,5,19,29.9
2013,5,20,29.5
2013,5,21,29.2
2013,5,22,28.8
2013,5,23,29.8
2013,5,24,28.1
2013,5,25,29.2
2013,5,26,28.2
2013,5,27,29.2
2013,5,28,29.2
2013,5,29,27.9
2013,5,30,27.6
2013,5,31,28.5
2013,6,1,28.8
2013,6,2,29.5
2013,6,3,29.3
2013,6,4,28.6
2013,6,5,28.0
2013,6,6,28.9
2013,6,7,28.9
2013,6,8,28.9
2013,6,9,28.3
2013,6,10,29.2
2013,6,11,29.9
2013,6,12,30.5
2013,6,13,30.5
2013,6,14,30.6
2013,6,15,30.5
2013,6,16,30.5
2013,6,17,30.1
2013,6,18,30.8
2013,6,19,31.1
2013,6,20,30.8
2013,6,21,30.5
2013,6,22,30.9
2013,6,23,30.6
2013,6,24,30.8
2013,6,25,29.5
2013,6,26,28.2
2013,6,27,29.4
2013,6,28,29.5
2013,6,29,29.5
2013,6,30,28.0
2013,7,1,29.1
2013,7,2,28.3
2013,7,3,28.7
2013,7,4,27.9
2013,7,5,27.8
2013,7,6,29.5
2013,7,7,29.8
2013,7,8,29.4
2013,7,9,26.9
2013,7,10,28.4
2013,7,11,28.1
2013,7,12,28.5
2013,7,13,28.1
2013,7,14,27.9
2013,7,15,27.7
2013,7,16,28.9
2013,7,17,27.5
2013,7,18,27.6
2013,7,19,28.7
2013,7,20,29.2
2013,7,21,29.2
2013,7,22,29.2
2013,7,23,29.8
2013,7,24,30.0
2013,7,25,28.9
2013,7,26,28.5
2013,7,27,26.6
2013,7,28,28.6
2013,7,29,27.8
2013,7,30,29.0
2013,7,31,28.6
2013,8,1,27.9
2013,8,2,28.0
2013,8,3,29.5
2013,8,4,28.6
2013,8,5,27.1
2013,8,6,28.8
2013,8,7,28.4
2013,8,8,27.7
2013,8,9,28.6
2013,8,10,27.7
2013,8,11,27.1
2013,8,12,27.8
2013,8,13,27.2
2013,8,14,27.9
2013,8,15,29.1
2013,8,16,28.5
2013,8,17,28.5
2013,8,18,28.6
2013,8,19,28.7
2013,8,20,28.2
2013,8,21,28.9
2013,8,22,29.2
2013,8,23,29.2
2013,8,24,29.5
2013,8,25,29.3
2013,8,26,28.6
2013,8,27,29.2
2013,8,28,28.8
2013,8,29,28.5
2013,8,30,28.2
2013,8,31,29.2
2013,9,1,28.3
2013,9,2,27.7
2013,9,3,27.8
2013,9,4,26.8
2013,9,5,27.0
2013,9,6,26.8
2013,9,7,26.4
2013,9,8,27.0
2013,9,9,27.3
2013,9,10,26.9
2013,9,11,28.2
2013,9,12,29.2
2013,9,13,28.4
2013,9,14,28.8
2013,9,15,26.5
2013,9,16,28.2
2013,9,17,27.9
2013,9,18,28.9
2013,9,19,29.1
2013,9,20,29.2
2013,9,21,29.5
2013,9,22,29.6
2013,9,23,29.6
2013,9,24,29.8
2013,9,25,28.5
2013,9,26,27.1
2013,9,27,28.7
2013,9,28,29.0
2013,9,29,28.0
2013,9,30,28.4
2013,10,1,29.5
2013,10,2,27.2
2013,10,3,28.2
2013,10,4,28.3
2013,10,5,28.2
2013,10,6,28.2
2013,10,7,28.3
2013,10,8,29.3
2013,10,9,28.5
2013,10,10,28.7
2013,10,11,27.5
2013,10,12,28.1
2013,10,13,28.7
2013,10,14,28.3
2013,10,15,28.4
2013,10,16,29.5
2013,10,17,30.1
2013,10,18,29.0
2013,10,19,27.5
2013,10,20,27.3
2013,10,21,27.3
2013,10,22,27.4
2013,10,23,28.3
2013,10,24,28.1
2013,10,25,29.1
2013,10,26,28.5
2013,10,27,27.6
2013,10,28,27.1
2013,10,29,27.9
2013,10,30,27.4
2013,10,31,27.5
2013,11,1,27.5
2013,11,2,27.8
2013,11,3,28.1
2013,11,4,27.2
2013,11,5,27.9
2013,11,6,27.3
2013,11,7,28.5
2013,11,8,28.5
2013,11,9,27.8
2013,11,10,27.4
2013,11,11,27.9
2013,11,12,26.2
2013,11,13,28.0
2013,11,14,26.7
2013,11,15,27.2
2013,11,16,27.6
2013,11,17,26.7
2013,11,18,27.2
2013,11,19,27.6
2013,11,20,27.9
2013,11,21,28.5
2013,11,22,28.2
2013,11,23,27.4
2013,11,24,28.1
2013,11,25,27.4
2013,11,26,27.5
2013,11,27,28.5
2013,11,28,27.6
2013,11,29,27.6
2013,11,30,26.9
2013,12,1,26.7
2013,12,2,25.2
2013,12,3,26.0
2013,12,4,26.2
2013,12,5,27.4
2013,12,6,25.6
2013,12,7,27.1
2013,12,8,25.7
2013,12,9,27.2
2013,12,10,28.0
2013,12,11,27.7
2013,12,12,27.6
2013,12,13,28.1
2013,12,14,27.9
2013,12,15,27.5
2013,12,16,28.7
2013,12,17,28.7
2013,12,18,27.0
2013,12,19,26.5
2013,12,20,25.9
2013,12,21,26.9
2013,12,22,27.4
2013,12,23,26.2
2013,12,24,27.6
2013,12,25,27.7
2013,12,26,26.9
2013,12,27,27.3
2013,12,28,26.7
2013,12,29,26.7
2013,12,30,26.8
2013,12,31,26.4
2014,1,1,27.2
2014,1,2,27.8
2014,1,3,27.5
2014,1,4,26.8
2014,1,5,25.6
2014,1,6,25.5
2014,1,7,26.9
2014,1,8,27.8
2014,1,9,26.6
2014,1,10,27.4
2014,1,11,27.1
2014,1,12,26.7
2014,1,13,27.2
2014,1,14,27.0
2014,1,15,26.3
2014,1,16,26.5
2014,1,17,26.4
2014,1,18,26.4
2014,1,19,26.5
2014,1,20,26.4
2014,1,21,26.2
2014,1,22,26.0
2014,1,23,26.1
2014,1,24,26.0
2014,1,25,26.2
2014,1,26,26.0
2014,1,27,26.1
2014,1,28,26.8
2014,1,29,26.9
2014,1,30,26.4
2014,1,31,26.7
2014,2,1,26.5
2014,2,2,26.4
2014,2,3,26.7
2014,2,4,26.7
2014,2,5,26.6
2014,2,6,26.9
2014,2,7,26.9
2014,2,8,27.1
2014,2,9,27.3
2014,2,10,27.7
2014,2,11,27.6
2014,2,12,27.6
2014,2,13,28.0
2014,2,14,27.4
2014,2,15,27.9
2014,2,16,27.4
2014,2,17,27.7
2014,2,18,27.9
2014,2,19,28.1
2014,2,20,28.1
2014,2,21,27.9
2014,2,22,28.2
2014,2,23,27.7
2014,2,24,27.5
2014,2,25,27.4
2014,2,26,27.6
2014,2,27,28.1
2014,2,28,27.9
2014,3,1,27.8
2014,3,2,27.9
2014,3,3,27.9
2014,3,4,27.7
2014,3,5,27.9
2014,3,6,27.7
2014,3,7,27.9
2014,3,8,28.0
2014,3,9,27.9
2014,3,10,28.0
2014,3,11,28.6
2014,3,12,28.4
2014,3,13,28.4
2014,3,14,28.9
2014,3,15,28.7
2014,3,16,26.4
2014,3,17,26.2
2014,3,18,26.7
2014,3,19,27.1
2014,3,20,27.1
2014,3,21,27.5
2014,3,22,27.8
2014,3,23,28.6
2014,3,24,28.5
2014,3,25,28.8
2014,3,26,28.5
2014,3,27,28.9
2014,3,28,28.9
2014,3,29,28.8
2014,3,30,29.0
2014,3,31,29.4
2014,4,1,28.5
2014,4,2,29.1
2014,4,3,29.7
2014,4,4,28.2
2014,4,5,27.0
2014,4,6,29.0
2014,4,7,28.9
2014,4,8,28.2
2014,4,9,28.5
2014,4,10,28.5
2014,4,11,28.5
2014,4,12,27.7
2014,4,13,28.5
2014,4,14,28.5
2014,4,15,28.8
2014,4,16,28.9
2014,4,17,29.2
2014,4,18,28.6
2014,4,19,29.2
2014,4,20,28.8
2014,4,21,27.5
2014,4,22,28.5
2014,4,23,28.5
2014,4,24,28.9
2014,4,25,28.9
2014,4,26,29.4
2014,4,27,28.8
2014,4,28,28.9
2014,4,29,28.9
2014,4,30,29.0
2014,5,1,28.4
2014,5,2,29.9
2014,5,3,30.1
2014,5,4,29.8
2014,5,5,29.8
2014,5,6,30.0
2014,5,7,28.7
2014,5,8,28.3
2014,5,9,29.6
2014,5,10,30.4
2014,5,11,29.6
2014,5,12,29.0
2014,5,13,29.6
2014,5,14,28.1
2014,5,15,29.7
2014,5,16,28.8
2014,5,17,28.9
2014,5,18,27.2
2014,5,19,27.5
2014,5,20,28.3
2014,5,21,28.5
2014,5,22,29.4
2014,5,23,28.0
2014,5,24,29.0
2014,5,25,29.9
2014,5,26,29.4
2014,5,27,28.3
2014,5,28,29.0
2014,5,29,29.5
2014,5,30,28.2
2014,5,31,29.5
2014,6,1,29.2
2014,6,2,29.4
2014,6,3,30.0
2014,6,4,29.0
2014,6,5,27.8
2014,6,6,28.1
2014,6,7,29.6
2014,6,8,30.3
2014,6,9,30.1
2014,6,10,30.1
2014,6,11,30.5
2014,6,12,29.4
2014,6,13,30.2
2014,6,14,28.2
2014,6,15,29.8
2014,6,16,30.5
2014,6,17,30.7
2014,6,18,28.8
2014,6,19,29.6
2014,6,20,30.5
2014,6,21,30.7
2014,6,22,30.1
2014,6,23,30.2
2014,6,24,30.1
2014,6,25,28.6
2014,6,26,29.8
2014,6,27,28.0
2014,6,28,29.1
2014,6,29,29.2
2014,6,30,27.6
2014,7,1,29.0
2014,7,2,29.5
2014,7,3,29.1
2014,7,4,29.5
2014,7,5,28.1
2014,7,6,29.5
2014,7,7,29.0
2014,7,8,28.3
2014,7,9,28.0
2014,7,10,29.5
2014,7,11,28.8
2014,7,12,27.8
2014,7,13,29.2
2014,7,14,30.4
2014,7,15,30.0
2014,7,16,30.0
2014,7,17,28.7
2014,7,18,29.7
2014,7,19,29.1
2014,7,20,29.9
2014,7,21,30.0
2014,7,22,30.1
2014,7,23,30.0
2014,7,24,29.9
2014,7,25,30.3
2014,7,26,30.3
2014,7,27,28.6
2014,7,28,29.3
2014,7,29,28.1
2014,7,30,28.4
2014,7,31,28.2
2014,8,1,29.2
2014,8,2,29.4
2014,8,3,28.9
2014,8,4,29.3
2014,8,5,27.0
2014,8,6,27.8
2014,8,7,28.1
2014,8,8,28.4
2014,8,9,29.4
2014,8,10,28.7
2014,8,11,28.2
2014,8,12,27.2
2014,8,13,27.1
2014,8,14,27.7
2014,8,15,27.3
2014,8,16,29.0
2014,8,17,29.1
2014,8,18,29.0
2014,8,19,28.3
2014,8,20,28.8
2014,8,21,28.2
2014,8,22,29.0
2014,8,23,28.7
2014,8,24,28.0
2014,8,25,27.6
2014,8,26,27.2
2014,8,27,27.1
2014,8,28,27.0
2014,8,29,27.8
2014,8,30,28.4
2014,8,31,29.0
2014,9,1,29.5
2014,9,2,29.0
2014,9,3,27.4
2014,9,4,28.3
2014,9,5,28.1
2014,9,6,27.7
2014,9,7,29.0
2014,9,8,29.4
2014,9,9,29.1
2014,9,10,29.3
2014,9,11,28.1
2014,9,12,28.8
2014,9,13,29.4
2014,9,14,29.4
2014,9,15,29.5
2014,9,16,29.8
2014,9,17,29.5
2014,9,18,29.5
2014,9,19,29.5
2014,9,20,28.0
2014,9,21,28.2
2014,9,22,29.7
2014,9,23,29.6
2014,9,24,29.3
2014,9,25,27.3
2014,9,26,29.0
2014,9,27,29.7
2014,9,28,29.4
2014,9,29,29.5
2014,9,30,29.7
2014,10,1,29.6
2014,10,2,29.5
2014,10,3,29.7
2014,10,4,27.8
2014,10,5,27.3
2014,10,6,28.6
2014,10,7,29.7
2014,10,8,29.5
2014,10,9,29.5
2014,10,10,30.0
2014,10,11,29.2
2014,10,12,29.1
2014,10,13,29.4
2014,10,14,29.0
2014,10,15,28.8
2014,10,16,
2014,10,17,28.7
2014,10,18,27.4
2014,10,19,28.2
2014,10,20,29.4
2014,10,21,27.5
2014,10,22,26.9
2014,10,23,28.5
2014,10,24,29.5
2014,10,25,29.8
2014,10,26,30.1
2014,10,27,28.5
2014,10,28,29.0
2014,10,29,29.9
2014,10,30,29.5
2014,10,31,28.4
2014,11,1,28.7
2014,11,2,29.5
2014,11,3,30.2
2014,11,4,30.6
2014,11,5,28.3
2014,11,6,27.2
2014,11,7,27.5
2014,11,8,27.7
2014,11,9,27.7
2014,11,10,28.0
2014,11,11,27.4
2014,11,12,27.8
2014,11,13,28.0
2014,11,14,27.9
2014,11,15,27.5
2014,11,16,27.0
2014,11,17,26.7
2014,11,18,26.0
2014,11,19,28.0
2014,11,20,27.5
2014,11,21,27.9
2014,11,22,28.4
2014,11,23,27.4
2014,11,24,27.0
2014,11,25,27.6
2014,11,26,27.4
2014,11,27,28.0
2014,11,28,28.4
2014,11,29,26.9
2014,11,30,28.2
2014,12,1,27.0
2014,12,2,28.4
2014,12,3,29.4
2014,12,4,26.8
2014,12,5,28.6
2014,12,6,27.8
2014,12,7,27.3
2014,12,8,27.4
2014,12,9,28.4
2014,12,10,28.7
2014,12,11,27.5
2014,12,12,28.4
2014,12,13,27.6
2014,12,14,28.3
2014,12,15,28.5
2014,12,16,27.3
2014,12,17,26.7
2014,12,18,27.8
2014,12,19,25.5
2014,12,20,27.0
2014,12,21,27.1
2014,12,22,27.2
2014,12,23,26.5
2014,12,24,26.7
2014,12,25,27.3
2014,12,26,25.6
2014,12,27,25.8
2014,12,28,26.6
2014,12,29,25.9
2014,12,30,25.7
2014,12,31,26.8
2015,1,1,26.4
2015,1,2,27.3
2015,1,3,27.8
2015,1,4,28.2
2015,1,5,28.4
2015,1,6,27.3
2015,1,7,26.9
2015,1,8,26.2
2015,1,9,25.4
2015,1,10,26.8
2015,1,11,26.7
2015,1,12,27.8
2015,1,13,27.9
2015,1,14,27.8
2015,1,15,28.0
2015,1,16,27.5
2015,1,17,27.5
2015,1,18,27.2
2015,1,19,27.2
2015,1,20,27.1
2015,1,21,26.6
2015,1,22,27.1
2015,1,23,26.9
2015,1,24,27.1
2015,1,25,27.3
2015,1,26,27.4
2015,1,27,27.4
2015,1,28,27.3
2015,1,29,27.1
2015,1,30,27.4
2015,1,31,27.6
2015,2,1,27.0
2015,2,2,26.3
2015,2,3,26.7
2015,2,4,26.0
2015,2,5,27.1
2015,2,6,26.2
2015,2,7,26.8
2015,2,8,26.9
2015,2,9,27.0
2015,2,10,
2015,2,11,
2015,2,12,
2015,2,13,
2015,2,14,27.1
2015,2,15,27.4
2015,2,16,28.2
2015,2,17,27.9
2015,2,18,27.5
2015,2,19,26.8
2015,2,20,27.7
2015,2,21,27.6
2015,2,22,27.6
2015,2,23,27.7
2015,2,24,27.8
2015,2,25,27.6
2015,2,26,27.9
2015,2,27,28.4
2015,2,28,28.8
2015,3,1,28.6
2015,3,2,27.0
2015,3,3,27.9
2015,3,4,28.1
2015,3,5,28.1
2015,3,6,28.1
2015,3,7,28.9
2015,3,8,27.9
2015,3,9,27.4
2015,3,10,28.0
2015,3,11,26.1
2015,3,12,27.7
2015,3,13,28.0
2015,3,14,27.6
2015,3,15,27.7
2015,3,16,28.3
2015,3,17,28.6
2015,3,18,28.7
2015,3,19,28.6
2015,3,20,28.9
2015,3,21,28.7
2015,3,22,27.6
2015,3,23,28.6
2015,3,24,28.8
2015,3,25,29.3
2015,3,26,29.2
2015,3,27,29.2
2015,3,28,28.2
2015,3,29,27.0
2015,3,30,28.7
2015,3,31,28.5
2015,4,1,27.7
2015,4,2,27.4
2015,4,3,27.9
2015,4,4,29.1
2015,4,5,28.6
2015,4,6,28.9
2015,4,7,29.1
2015,4,8,29.5
2015,4,9,29.6
2015,4,10,29.7
2015,4,11,28.6
2015,4,12,28.5
2015,4,13,29.0
2015,4,14,29.5
2015,4,15,29.6
2015,4,16,30.0
2015,4,17,29.8
2015,4,18,29.4
2015,4,19,28.6
2015,4,20,29.7
2015,4,21,28.8
2015,4,22,28.3
2015,4,23,28.2
2015,4,24,27.8
2015,4,25,27.8
2015,4,26,28.0
2015,4,27,28.0
2015,4,28,27.8
2015,4,29,28.4
2015,4,30,28.0
2015,5,1,28.8
2015,5,2,28.5
2015,5,3,27.5
2015,5,4,29.0
2015,5,5,29.4
2015,5,6,29.0
2015,5,7,29.6
2015,5,8,29.2
2015,5,9,29.2
2015,5,10,29.7
2015,5,11,30.6
2015,5,12,29.7
2015,5,13,29.8
2015,5,14,29.3
2015,5,15,27.6
2015,5,16,28.8
2015,5,17,29.8
2015,5,18,29.1
2015,5,19,29.9
2015,5,20,29.4
2015,5,21,30.0
2015,5,22,29.3
2015,5,23,27.4
2015,5,24,29.2
2015,5,25,29.4
2015,5,26,29.4
2015,5,27,29.0
2015,5,28,29.6
2015,5,29,30.4
2015,5,30,30.4
2015,5,31,30.0
2015,6,1,30.1
2015,6,2,29.7
2015,6,3,28.9
2015,6,4,29.6
2015,6,5,29.4
2015,6,6,29.0
2015,6,7,28.4
2015,6,8,28.8
2015,6,9,28.0
2015,6,10,29.3
2015,6,11,29.4
2015,6,12,27.7
2015,6,13,28.4
2015,6,14,27.2
2015,6,15,28.5
2015,6,16,28.0
2015,6,17,28.9
2015,6,18,29.8
2015,6,19,29.8
2015,6,20,30.0
2015,6,21,30.3
2015,6,22,30.3
2015,6,23,30.2
2015,6,24,30.2
2015,6,25,30.1
2015,6,26,29.9
2015,6,27,30.0
2015,6,28,30.1
2015,6,29,30.2
2015,6,30,30.0
2015,7,1,28.9
2015,7,2,29.5
2015,7,3,29.8
2015,7,4,28.0
2015,7,5,29.8
2015,7,6,29.8
2015,7,7,29.7
2015,7,8,29.4
2015,7,9,29.6
2015,7,10,29.2
2015,7,11,29.9
2015,7,12,29.7
2015,7,13,29.6
2015,7,14,29.0
2015,7,15,29.4
2015,7,16,29.7
2015,7,17,29.6
2015,7,18,30.0
2015,7,19,30.0
2015,7,20,30.0
2015,7,21,29.9
2015,7,22,30.3
2015,7,23,29.4
2015,7,24,29.2
2015,7,25,29.8
2015,7,26,28.9
2015,7,27,29.1
2015,7,28,28.9
2015,7,29,29.4
2015,7,30,29.3
2015,7,31,27.9
2015,8,1,26.9
2015,8,2,28.9
2015,8,3,26.9
2015,8,4,27.3
2015,8,5,29.1
2015,8,6,27.5
2015,8,7,27.6
2015,8,8,28.5
2015,8,9,27.9
2015,8,10,29.2
2015,8,11,28.8
2015,8,12,27.0
2015,8,13,28.7
2015,8,14,29.3
2015,8,15,29.3
2015,8,16,28.8
2015,8,17,28.8
2015,8,18,29.4
2015,8,19,29.4
2015,8,20,29.4
2015,8,21,28.8
2015,8,22,29.2
2015,8,23,29.2
2015,8,24,29.2
2015,8,25,28.4
2015,8,26,29.0
2015,8,27,29.4
2015,8,28,29.3
2015,8,29,29.7
2015,8,30,29.4
2015,8,31,29.5
2015,9,1,29.6
2015,9,2,29.6
2015,9,3,29.3
2015,9,4,29.0
2015,9,5,29.4
2015,9,6,29.2
2015,9,7,29.1
2015,9,8,29.3
2015,9,9,27.3
2015,9,10,27.9
2015,9,11,29.3
2015,9,12,29.0
2015,9,13,29.2
2015,9,14,28.7
2015,9,15,27.3
2015,9,16,28.0
2015,9,17,29.1
2015,9,18,29.5
2015,9,19,29.6
2015,9,20,29.2
2015,9,21,29.2
2015,9,22,29.0
2015,9,23,29.0
2015,9,24,28.8
2015,9,25,29.0
2015,9,26,29.5
2015,9,27,29.3
2015,9,28,28.0
2015,9,29,28.6
2015,9,30,29.0
2015,10,1,29.2
2015,10,2,28.0
2015,10,3,28.8
2015,10,4,29.4
2015,10,5,29.0
2015,10,6,28.1
2015,10,7,28.7
2015,10,8,28.6
2015,10,9,29.5
2015,10,10,29.5
2015,10,11,29.7
2015,10,12,29.5
2015,10,13,29.6
2015,10,14,29.7
2015,10,15,30.0
2015,10,16,29.5
2015,10,17,29.4
2015,10,18,29.6
2015,10,19,29.8
2015,10,20,29.6
2015,10,21,29.8
2015,10,22,29.4
2015,10,23,29.8
2015,10,24,29.4
2015,10,25,29.4
2015,10,26,29.6
2015,10,27,28.8
2015,10,28,27.2
2015,10,29,28.8
2015,10,30,27.4
2015,10,31,27.7
2015,11,1,28.0
2015,11,2,27.6
2015,11,3,28.8
2015,11,4,28.6
2015,11,5,28.9
2015,11,6,28.8
2015,11,7,27.7
2015,11,8,27.8
2015,11,9,28.0
2015,11,10,28.7
2015,11,11,27.3
2015,11,12,28.2
2015,11,13,28.6
2015,11,14,29.4
2015,11,15,28.5
2015,11,16,26.3
2015,11,17,27.3
2015,11,18,29.3
2015,11,19,28.5
2015,11,20,27.4
2015,11,21,27.5
2015,11,22,28.2
2015,11,23,29.3
2015,11,24,27.3
2015,11,25,27.5
2015,11,26,26.6
2015,11,27,27.5
2015,11,28,28.7
2015,11,29,28.3
2015,11,30,28.0
2015,12,1,27.1
2015,12,2,27.2
2015,12,3,28.1
2015,12,4,28.7
2015,12,5,28.0
2015,12,6,28.2
2015,12,7,29.1
2015,12,8,28.0
2015,12,9,28.4
2015,12,10,28.1
2015,12,11,27.4
2015,12,12,27.1
2015,12,13,26.0
2015,12,14,27.6
2015,12,15,28.0
2015,12,16,28.2
2015,12,17,28.3
2015,12,18,27.7
2015,12,19,28.7
2015,12,20,28.8
2015,12,21,29.3
2015,12,22,29.6
2015,12,23,28.6
2015,12,24,27.1
2015,12,25,28.3
2015,12,26,28.9
2015,12,27,28.7
2015,12,28,28.0
2015,12,29,26.7
2015,12,30,28.7
2015,12,31,27.3
2016,1,1,27.0
2016,1,2,26.3
2016,1,3,26.8
2016,1,4,27.7
2016,1,5,28.9
2016,1,6,28.9
2016,1,7,29.1
2016,1,8,29.1
2016,1,9,29.2
2016,1,10,29.3
2016,1,11,28.4
2016,1,12,29.3
2016,1,13,29.1
2016,1,14,28.2
2016,1,15,27.8
2016,1,16,28.3
2016,1,17,28.2
2016,1,18,28.6
2016,1,19,28.4
2016,1,20,28.2
2016,1,21,28.6
2016,1,22,28.3
2016,1,23,28.3
2016,1,24,29.0
2016,1,25,28.0
2016,1,26,27.9
2016,1,27,29.1
2016,1,28,28.1
2016,1,29,27.6
2016,1,30,28.8
2016,1,31,28.2
2016,2,1,29.3
2016,2,2,28.3
2016,2,3,28.9
2016,2,4,27.8
2016,2,5,27.9
2016,2,6,28.8
2016,2,7,27.1
2016,2,8,27.6
2016,2,9,27.4
2016,2,10,27.4
2016,2,11,27.7
2016,2,12,28.0
2016,2,13,28.9
2016,2,14,28.2
2016,2,15,29.1
2016,2,16,28.9
2016,2,17,28.6
2016,2,18,28.0
2016,2,19,25.3
2016,2,20,26.7
2016,2,21,28.0
2016,2,22,28.5
2016,2,23,28.6
2016,2,24,26.9
2016,2,25,28.3
2016,2,26,28.6
2016,2,27,28.7
2016,2,28,28.8
2016,2,29,29.0
2016,3,1,28.8
2016,3,2,28.8
2016,3,3,28.8
2016,3,4,28.4
2016,3,5,28.6
2016,3,6,29.2
2016,3,7,28.7
2016,3,8,27.6
2016,3,9,29.0
2016,3,10,28.5
2016,3,11,29.3
2016,3,12,29.5
2016,3,13,28.0
2016,3,14,28.8
2016,3,15,29.2
2016,3,16,28.8
2016,3,17,29.2
2016,3,18,29.1
2016,3,19,29.1
2016,3,20,29.3
2016,3,21,29.2
2016,3,22,29.1
2016,3,23,29.7
2016,3,24,29.3
2016,3,25,29.0
2016,3,26,29.6
2016,3,27,29.7
2016,3,28,29.8
2016,3,29,29.6
2016,3,30,29.7
2016,3,31,29.4
2016,4,1,29.9
2016,4,2,30.0
2016,4,3,28.9
2016,4,4,29.2
2016,4,5,28.6
2016,4,6,29.5
2016,4,7,29.6
2016,4,8,29.8
2016,4,9,28.4
2016,4,10,29.3
2016,4,11,29.9
2016,4,12,30.1
2016,4,13,30.0
2016,4,14,30.5
2016,4,15,29.4
2016,4,16,30.0
2016,4,17,29.9
2016,4,18,30.5
2016,4,19,31.3
2016,4,20,29.4
2016,4,21,30.4
2016,4,22,29.7
2016,4,23,29.9
2016,4,24,29.8
2016,4,25,29.9
2016,4,26,29.6
2016,4,27,29.9
2016,4,28,30.2
2016,4,29,29.1
2016,4,30,28.2
2016,5,1,30.0
2016,5,2,29.5
2016,5,3,30.3
2016,5,4,31.2
2016,5,5,29.7
2016,5,6,29.8
2016,5,7,30.1
2016,5,8,29.6
2016,5,9,30.1
2016,5,10,30.7
2016,5,11,29.4
2016,5,12,30.1
2016,5,13,29.3
2016,5,14,28.1
2016,5,15,28.8
2016,5,16,29.0
2016,5,17,29.7
2016,5,18,29.1
2016,5,19,29.1
2016,5,20,30.5
2016,5,21,29.0
2016,5,22,28.8
2016,5,23,30.5
2016,5,24,30.2
2016,5,25,30.3
2016,5,26,28.9
2016,5,27,30.4
2016,5,28,29.8
2016,5,29,30.3
2016,5,30,29.0
2016,5,31,29.6
2016,6,1,28.1
2016,6,2,28.7
2016,6,3,29.5
2016,6,4,27.7
2016,6,5,28.9
2016,6,6,30.3
2016,6,7,30.5
2016,6,8,28.3
2016,6,9,29.1
2016,6,10,29.0
2016,6,11,29.1
2016,6,12,29.4
2016,6,13,28.9
2016,6,14,29.5
2016,6,15,28.9
2016,6,16,28.9
2016,6,17,27.0
2016,6,18,28.1
2016,6,19,28.2
2016,6,20,28.8
2016,6,21,29.6
2016,6,22,27.8
2016,6,23,30.0
2016,6,24,27.5
2016,6,25,29.7
2016,6,26,29.7
2016,6,27,29.5
2016,6,28,29.8
2016,6,29,30.6
2016,6,30,30.8
2016,7,1,30.6
2016,7,2,30.4
2016,7,3,30.6
2016,7,4,30.6
2016,7,5,30.5
2016,7,6,29.3
2016,7,7,30.0
2016,7,8,29.1
2016,7,9,30.3
2016,7,10,30.2
2016,7,11,28.7
2016,7,12,30.3
2016,7,13,28.4
2016,7,14,27.7
2016,7,15,27.6
2016,7,16,28.8
2016,7,17,28.2
2016,7,18,28.5
2016,7,19,28.1
2016,7,20,27.4
2016,7,21,27.7
2016,7,22,26.8
2016,7,23,27.6
2016,7,24,27.8
2016,7,25,27.9
2016,7,26,26.8
2016,7,27,28.9
2016,7,28,28.5
2016,7,29,28.8
2016,7,30,29.4
2016,7,31,28.9
2016,8,1,27.9
2016,8,2,29.1
2016,8,3,28.1
2016,8,4,28.7
2016,8,5,29.8
2016,8,6,29.4
2016,8,7,29.9
2016,8,8,30.0
2016,8,9,29.3
2016,8,10,30.0
2016,8,11,29.4
2016,8,12,29.3
2016,8,13,29.8
2016,8,14,29.3
2016,8,15,29.6
2016,8,16,29.9
2016,8,17,30.1
2016,8,18,30.5
2016,8,19,28.6
2016,8,20,29.7
2016,8,21,28.1
2016,8,22,29.7
2016,8,23,29.7
2016,8,24,28.4
2016,8,25,29.4
2016,8,26,29.7
2016,8,27,29.5
2016,8,28,29.8
2016,8,29,30.0
2016,8,30,28.4
2016,8,31,28.7
2016,9,1,27.5
2016,9,2,28.5
2016,9,3,29.5
2016,9,4,29.2
2016,9,5,28.5
2016,9,6,29.2
2016,9,7,28.3
2016,9,8,29.6
2016,9,9,28.1
2016,9,10,27.4
2016,9,11,28.8
2016,9,12,27.7
2016,9,13,29.6
2016,9,14,27.4
2016,9,15,29.4
2016,9,16,28.6
2016,9,17,29.4
2016,9,18,29.0
2016,9,19,28.8
2016,9,20,28.5
2016,9,21,29.1
2016,9,22,29.1
2016,9,23,29.4
2016,9,24,29.3
2016,9,25,29.0
2016,9,26,29.1
2016,9,27,29.3
2016,9,28,29.9
2016,9,29,29.6
2016,9,30,29.5
2016,10,1,28.3
2016,10,2,29.9
2016,10,3,28.2
2016,10,4,29.3
2016,10,5,29.2
2016,10,6,28.7
2016,10,7,26.9
2016,10,8,28.6
2016,10,9,29.1
2016,10,10,29.9
2016,10,11,30.2
2016,10,12,29.9
2016,10,13,29.7
2016,10,14,28.9
2016,10,15,29.9
2016,10,16,29.0
2016,10,17,29.2
2016,10,18,29.8
2016,10,19,28.1
2016,10,20,29.3
2016,10,21,29.2
2016,10,22,28.8
2016,10,23,28.9
2016,10,24,28.2
2016,10,25,27.6
2016,10,26,27.8
2016,10,27,26.6
2016,10,28,27.5
2016,10,29,27.6
2016,10,30,28.0
2016,10,31,28.7
2016,11,1,28.0
2016,11,2,27.7
2016,11,3,28.1
2016,11,4,28.1
2016,11,5,27.2
2016,11,6,28.7
2016,11,7,27.4
2016,11,8,29.2
2016,11,9,28.6
2016,11,10,28.2
2016,11,11,27.2
2016,11,12,27.7
2016,11,13,27.6
2016,11,14,26.1
2016,11,15,27.5
2016,11,16,27.0
2016,11,17,28.0
2016,11,18,28.4
2016,11,19,28.5
2016,11,20,28.7
2016,11,21,28.3
2016,11,22,28.0
2016,11,23,28.1
2016,11,24,28.3
2016,11,25,28.4
2016,11,26,27.8
2016,11,27,27.7
2016,11,28,28.0
2016,11,29,26.9
2016,11,30,28.5
2016,12,1,26.3
2016,12,2,27.3
2016,12,3,28.1
2016,12,4,29.4
2016,12,5,29.5
2016,12,6,28.9
2016,12,7,29.2
2016,12,8,29.3
2016,12,9,27.9
2016,12,10,28.5
2016,12,11,27.0
2016,12,12,28.3
2016,12,13,28.5
2016,12,14,28.9
2016,12,15,29.2
2016,12,16,29.3
2016,12,17,27.9
2016,12,18,27.0
2016,12,19,28.1
2016,12,20,28.2
2016,12,21,29.0
2016,12,22,27.3
2016,12,23,27.5
2016,12,24,27.3
2016,12,25,27.4
2016,12,26,27.4
2016,12,27,26.8
2016,12,28,26.1
2016,12,29,28.1
2016,12,30,27.6
2016,12,31,27.3
2017,1,1,27.2
2017,1,2,26.7
2017,1,3,27.3
2017,1,4,27.5
2017,1,5,28.2
2017,1,6,29.0
2017,1,7,30.0
2017,1,8,29.9
2017,1,9,29.3
2017,1,10,28.9
2017,1,11,28.2
2017,1,12,28.6
2017,1,13,28.7
2017,1,14,28.3
2017,1,15,28.8
2017,1,16,28.5
2017,1,17,28.5
2017,1,18,27.5
2017,1,19,27.4
2017,1,20,26.8
2017,1,21,27.1
2017,1,22,27.1
2017,1,23,25.3
2017,1,24,24.6
2017,1,25,26.2
2017,1,26,27.6
2017,1,27,27.9
2017,1,28,26.9
2017,1,29,26.9
2017,1,30,26.6
2017,1,31,27.5
2017,2,1,27.7
2017,2,2,27.7
2017,2,3,28.0
2017,2,4,27.5
2017,2,5,27.9
2017,2,6,28.5
2017,2,7,27.3
2017,2,8,27.0
2017,2,9,28.2
2017,2,10,28.3
2017,2,11,27.7
2017,2,12,26.7
2017,2,13,27.0
2017,2,14,27.0
2017,2,15,26.1
2017,2,16,27.2
2017,2,17,27.7
2017,2,18,27.4
2017,2,19,28.0
2017,2,20,28.0
2017,2,21,27.6
2017,2,22,28.3
2017,2,23,27.5
2017,2,24,25.5
2017,2,25,27.1
2017,2,26,27.7
2017,2,27,27.9
2017,2,28,27.0
2017,3,1,25.3
2017,3,2,27.3
2017,3,3,26.2
2017,3,4,26.1
2017,3,5,27.1
2017,3,6,27.2
2017,3,7,27.3
2017,3,8,27.7
2017,3,9,27.8
2017,3,10,27.9
2017,3,11,27.7
2017,3,12,27.1
2017,3,13,28.3
2017,3,14,27.3
2017,3,15,28.9
2017,3,16,28.9
2017,3,17,27.9
2017,3,18,28.2
2017,3,19,28.4
2017,3,20,27.4
2017,3,21,28.8
2017,3,22,28.1
2017,3,23,29.2
2017,3,24,28.5
2017,3,25,28.3
2017,3,26,29.3
2017,3,27,29.1
2017,3,28,27.7
2017,3,29,27.8
2017,3,30,26.5
2017,3,31,27.9
2017,4,1,27.5
2017,4,2,28.0
2017,4,3,27.9
2017,4,4,28.7
2017,4,5,29.1
2017,4,6,29.6
2017,4,7,28.4
2017,4,8,27.7
2017,4,9,28.7
2017,4,10,27.8
2017,4,11,29.3
2017,4,12,28.6
2017,4,13,27.6
2017,4,14,27.7
2017,4,15,27.6
2017,4,16,28.6
2017,4,17,29.0
2017,4,18,27.3
2017,4,19,28.3
2017,4,20,28.7
2017,4,21,28.1
2017,4,22,29.1
2017,4,23,29.3
2017,4,24,28.3
2017,4,25,27.6
2017,4,26,27.6
2017,4,27,27.9
2017,4,28,28.0
2017,4,29,28.1
2017,4,30,29.1
2017,5,1,29.3
2017,5,2,28.4
2017,5,3,29.3
2017,5,4,29.1
2017,5,5,29.2
2017,5,6,28.3
2017,5,7,28.4
2017,5,8,28.6
2017,5,9,29.7
2017,5,10,28.1
2017,5,11,28.4
2017,5,12,28.5
2017,5,13,29.2
2017,5,14,30.0
2017,5,15,28.8
2017,5,16,29.2
2017,5,17,30.4
2017,5,18,29.8
2017,5,19,29.6
2017,5,20,30.1
2017,5,21,28.8
2017,5,22,28.6
2017,5,23,29.8
2017,5,24,27.1
2017,5,25,28.6
2017,5,26,28.0
2017,5,27,29.1
2017,5,28,29.4
2017,5,29,29.9
2017,5,30,27.4
2017,5,31,28.9
2017,6,1,28.4
2017,6,2,29.5
2017,6,3,30.0
2017,6,4,30.5
2017,6,5,30.5
2017,6,6,30.2
2017,6,7,30.4
2017,6,8,30.2
2017,6,9,30.4
2017,6,10,29.0
2017,6,11,28.4
2017,6,12,29.8
2017,6,13,30.1
2017,6,14,28.4
2017,6,15,29.7
2017,6,16,29.0
2017,6,17,29.7
2017,6,18,27.8
2017,6,19,28.7
2017,6,20,29.5
2017,6,21,29.4
2017,6,22,29.6
2017,6,23,27.8
2017,6,24,29.2
2017,6,25,28.0
2017,6,26,28.6
2017,6,27,27.2
2017,6,28,28.2
2017,6,29,27.8
2017,6,30,28.9
2017,7,1,29.9
2017,7,2,29.7
2017,7,3,27.5
2017,7,4,28.7
2017,7,5,28.2
2017,7,6,28.6
2017,7,7,29.0
2017,7,8,28.6
2017,7,9,27.9
2017,7,10,29.1
2017,7,11,28.4
2017,7,12,26.9
2017,7,13,28.2
2017,7,14,27.0
2017,7,15,28.0
2017,7,16,28.7
2017,7,17,29.3
2017,7,18,29.0
2017,7,19,28.7
2017,7,20,29.1
2017,7,21,29.4
2017,7,22,29.7
2017,7,23,29.7
2017,7,24,29.5
2017,7,25,29.6
2017,7,26,28.9
2017,7,27,29.6
2017,7,28,29.7
2017,7,29,29.7
2017,7,30,29.8
2017,7,31,29.7
2017,8,1,29.9
2017,8,2,29.7
2017,8,3,29.6
2017,8,4,29.6
2017,8,5,29.6
2017,8,6,29.2
2017,8,7,29.0
2017,8,8,27.9
2017,8,9,27.9
2017,8,10,28.9
2017,8,11,27.5
2017,8,12,26.7
2017,8,13,27.5
2017,8,14,28.7
2017,8,15,27.4
2017,8,16,28.3
2017,8,17,27.6
2017,8,18,28.3
2017,8,19,28.8
2017,8,20,29.3
2017,8,21,29.3
2017,8,22,27.9
2017,8,23,29.2
2017,8,24,29.1
2017,8,25,28.6
2017,8,26,29.2
2017,8,27,28.2
2017,8,28,28.8
2017,8,29,27.4
2017,8,30,28.4
2017,8,31,29.4
2017,9,1,29.3
2017,9,2,29.6
2017,9,3,29.6
2017,9,4,29.0
2017,9,5,29.2
2017,9,6,27.6
2017,9,7,28.4
2017,9,8,28.2
2017,9,9,28.4
2017,9,10,28.5
2017,9,11,27.1
2017,9,12,29.2
2017,9,13,29.6
2017,9,14,28.7
2017,9,15,27.9
2017,9,16,27.4
2017,9,17,28.9
2017,9,18,27.7
2017,9,19,27.3
2017,9,20,27.3
2017,9,21,27.3
2017,9,22,29.3
2017,9,23,29.1
2017,9,24,28.3
2017,9,25,29.5
2017,9,26,28.1
2017,9,27,27.9
2017,9,28,28.8
2017,9,29,28.0
2017,9,30,28.0
2017,10,1,27.7
2017,10,2,28.1
2017,10,3,28.2
2017,10,4,26.6
2017,10,5,27.9
2017,10,6,28.1
2017,10,7,27.8
2017,10,8,27.5
2017,10,9,28.3
2017,10,10,28.2
2017,10,11,28.1
2017,10,12,27.2
2017,10,13,27.3
2017,10,14,29.2
2017,10,15,30.1
2017,10,16,28.8
2017,10,17,30.1
2017,10,18,30.6
2017,10,19,30.1
2017,10,20,30.2
2017,10,21,30.0
2017,10,22,28.8
2017,10,23,29.1
2017,10,24,28.6
2017,10,25,28.5
2017,10,26,28.4
2017,10,27,28.3
2017,10,28,29.1
2017,10,29,27.5
2017,10,30,27.0
2017,10,31,26.9
2017,11,1,28.0
2017,11,2,28.3
2017,11,3,28.0
2017,11,4,27.5
2017,11,5,28.4
2017,11,6,27.5
2017,11,7,27.5
2017,11,8,27.4
2017,11,9,27.4
2017,11,10,26.5
2017,11,11,26.9
2017,11,12,28.2
2017,11,13,28.1
2017,11,14,26.4
2017,11,15,27.8
2017,11,16,28.8
2017,11,17,27.3
2017,11,18,27.9
2017,11,19,28.8
2017,11,20,28.2
2017,11,21,26.9
2017,11,22,27.5
2017,11,23,27.1
2017,11,24,26.7
2017,11,25,27.3
2017,11,26,27.2
2017,11,27,26.5
2017,11,28,27.0
2017,11,29,27.3
2017,11,30,28.0
2017,12,1,29.0
2017,12,2,29.2
2017,12,3,28.8
2017,12,4,28.4
2017,12,5,29.0
2017,12,6,28.5
2017,12,7,28.0
2017,12,8,27.8
2017,12,9,26.6
2017,12,10,27.7
2017,12,11,27.4
2017,12,12,26.6
2017,12,13,27.2
2017,12,14,28.1
2017,12,15,27.2
2017,12,16,27.6
2017,12,17,28.0
2017,12,18,28.0
2017,12,19,26.9
2017,12,20,27.4
2017,12,21,28.1
2017,12,22,28.3
2017,12,23,27.7
2017,12,24,26.9
2017,12,25,27.5
2017,12,26,27.5
2017,12,27,27.5
2017,12,28,27.5
2017,12,29,27.9
2017,12,30,26.7
2017,12,31,25.2
2018,1,1,25.2
2018,1,2,25.8
2018,1,3,26.8
2018,1,4,26.9
2018,1,5,26.4
2018,1,6,27.5
2018,1,7,27.9
2018,1,8,27.0
2018,1,9,26.9
2018,1,10,25.2
2018,1,11,24.2
2018,1,12,23.2
2018,1,13,23.2
2018,1,14,23.9
2018,1,15,25.1
2018,1,16,26.7
2018,1,17,27.3
2018,1,18,27.3
2018,1,19,26.9
2018,1,20,26.6
2018,1,21,27.8
2018,1,22,28.3
2018,1,23,27.4
2018,1,24,26.6
2018,1,25,26.8
2018,1,26,26.6
2018,1,27,27.9
2018,1,28,27.2
2018,1,29,27.9
2018,1,30,28.0
2018,1,31,27.8
2018,2,1,28.5
2018,2,2,26.1
2018,2,3,27.5
2018,2,4,27.1
2018,2,5,27.1
2018,2,6,26.9
2018,2,7,26.3
2018,2,8,26.7
2018,2,9,27.0
2018,2,10,27.0
2018,2,11,27.3
2018,2,12,27.5
2018,2,13,27.7
2018,2,14,27.4
2018,2,15,27.7
2018,2,16,27.5
2018,2,17,27.8
2018,2,18,27.9
2018,2,19,28.0
2018,2,20,28.2
2018,2,21,28.2
2018,2,22,28.1
2018,2,23,26.7
2018,2,24,26.3
2018,2,25,27.6
2018,2,26,27.9
2018,2,27,27.8
2018,2,28,27.7
2018,3,1,28.1
2018,3,2,27.8
2018,3,3,27.8
2018,3,4,27.8
2018,3,5,29.0
2018,3,6,28.4
2018,3,7,26.7
2018,3,8,27.5
2018,3,9,28.7
2018,3,10,27.4
2018,3,11,28.1
2018,3,12,27.6
2018,3,13,28.4
2018,3,14,28.6
2018,3,15,28.7
2018,3,16,28.7
2018,3,17,28.6
2018,3,18,28.9
2018,3,19,28.8
2018,3,20,28.4
2018,3,21,28.4
2018,3,22,29.2
2018,3,23,29.0
2018,3,24,27.8
2018,3,25,27.1
2018,3,26,27.0
2018,3,27,25.6
2018,3,28,27.2
2018,3,29,27.5
2018,3,30,27.5
2018,3,31,28.5
2018,4,1,27.9
2018,4,2,28.2
2018,4,3,28.6
2018,4,4,28.8
2018,4,5,29.0
2018,4,6,28.9
2018,4,7,28.0
2018,4,8,28.7
2018,4,9,29.0
2018,4,10,29.1
2018,4,11,29.5
2018,4,12,29.4
2018,4,13,29.5
2018,4,14,28.1
2018,4,15,27.6
2018,4,16,26.9
2018,4,17,27.7
2018,4,18,29.1
2018,4,19,28.0
2018,4,20,27.8
2018,4,21,27.5
2018,4,22,28.1
2018,4,23,27.8
2018,4,24,28.5
2018,4,25,30.2
2018,4,26,29.4
2018,4,27,27.4
2018,4,28,28.7
2018,4,29,30.0
2018,4,30,29.8
2018,5,1,27.8
2018,5,2,28.3
2018,5,3,28.6
2018,5,4,29.3
2018,5,5,29.3
2018,5,6,29.8
2018,5,7,29.8
2018,5,8,30.5
2018,5,9,30.7
2018,5,10,29.8
2018,5,11,29.9
2018,5,12,30.0
2018,5,13,29.0
2018,5,14,29.1
2018,5,15,29.0
2018,5,16,28.0
2018,5,17,29.2
2018,5,18,28.6
2018,5,19,28.0
2018,5,20,27.5
2018,5,21,28.7
2018,5,22,29.4
2018,5,23,27.7
2018,5,24,29.0
2018,5,25,29.0
2018,5,26,27.8
2018,5,27,27.7
2018,5,28,28.1
2018,5,29,28.3
2018,5,30,28.0
2018,5,31,28.3
2018,6,1,28.2
2018,6,2,27.5
2018,6,3,29.4
2018,6,4,29.3
2018,6,5,30.2
2018,6,6,30.4
2018,6,7,30.6
2018,6,8,29.3
2018,6,9,29.9
2018,6,10,30.1
2018,6,11,30.4
2018,6,12,29.9
2018,6,13,29.2
2018,6,14,29.6
2018,6,15,27.7
2018,6,16,29.8
2018,6,17,30.1
2018,6,18,29.0
2018,6,19,28.2
2018,6,20,27.4
2018,6,21,28.7
2018,6,22,28.9
2018,6,23,28.0
2018,6,24,27.0
2018,6,25,26.8
2018,6,26,27.4
2018,6,27,26.5
2018,6,28,28.1
2018,6,29,26.7
2018,6,30,28.5
2018,7,1,27.6
2018,7,2,27.8
2018,7,3,28.0
2018,7,4,29.0
2018,7,5,29.3
2018,7,6,29.3
2018,7,7,29.1
2018,7,8,29.0
2018,7,9,29.0
2018,7,10,27.2
2018,7,11,28.6
2018,7,12,29.4
2018,7,13,29.2
2018,7,14,29.1
2018,7,15,27.8
2018,7,16,29.1
2018,7,17,29.4
2018,7,18,29.5
2018,7,19,28.7
2018,7,20,29.3
2018,7,21,28.8
2018,7,22,29.3
2018,7,23,29.8
2018,7,24,29.8
2018,7,25,27.6
2018,7,26,28.9
2018,7,27,29.4
2018,7,28,29.7
2018,7,29,29.2
2018,7,30,27.2
2018,7,31,27.8
2018,8,1,26.9
2018,8,2,28.1
2018,8,3,29.1
2018,8,4,28.7
2018,8,5,28.6
2018,8,6,28.6
2018,8,7,28.6
2018,8,8,27.7
2018,8,9,28.9
2018,8,10,29.4
2018,8,11,29.2
2018,8,12,29.5
2018,8,13,29.7
2018,8,14,29.9
2018,8,15,29.7
2018,8,16,29.5
2018,8,17,28.6
2018,8,18,29.2
2018,8,19,29.5
2018,8,20,29.9
2018,8,21,29.6
2018,8,22,28.0
2018,8,23,28.9
2018,8,24,27.9
2018,8,25,27.8
2018,8,26,29.4
2018,8,27,29.6
2018,8,28,29.0
2018,8,29,28.6
2018,8,30,28.9
2018,8,31,27.9
2018,9,1,28.2
2018,9,2,27.5
2018,9,3,28.2
2018,9,4,26.6
2018,9,5,27.8
2018,9,6,28.7
2018,9,7,27.6
2018,9,8,27.0
2018,9,9,28.0
2018,9,10,28.0
2018,9,11,27.1
2018,9,12,27.9
2018,9,13,29.3
2018,9,14,29.3
2018,9,15,29.0
2018,9,16,28.9
2018,9,17,29.2
2018,9,18,28.1
2018,9,19,27.0
2018,9,20,26.7
2018,9,21,26.4
2018,9,22,28.0
2018,9,23,29.0
2018,9,24,29.4
2018,9,25,29.6
2018,9,26,29.4
2018,9,27,29.6
2018,9,28,29.8
2018,9,29,29.6
2018,9,30,29.8
2018,10,1,29.8
2018,10,2,29.7
2018,10,3,29.7
2018,10,4,30.2
2018,10,5,30.1
2018,10,6,28.6
2018,10,7,28.0
2018,10,8,27.2
2018,10,9,26.7
2018,10,10,26.5
2018,10,11,26.9
2018,10,12,27.1
2018,10,13,27.0
2018,10,14,25.9
2018,10,15,28.3
2018,10,16,27.9
2018,10,17,28.0
2018,10,18,27.0
2018,10,19,28.1
2018,10,20,29.1
2018,10,21,29.4
2018,10,22,29.2
2018,10,23,27.8
2018,10,24,28.1
2018,10,25,28.0
2018,10,26,28.8
2018,10,27,28.4
2018,10,28,28.0
2018,10,29,27.9
2018,10,30,27.8
2018,10,31,27.9
2018,11,1,27.0
2018,11,2,27.5
2018,11,3,27.5
2018,11,4,27.6
2018,11,5,27.6
2018,11,6,27.6
2018,11,7,28.3
2018,11,8,28.3
2018,11,9,27.3
2018,11,10,27.6
2018,11,11,26.8
2018,11,12,27.6
2018,11,13,27.6
2018,11,14,28.0
2018,11,15,26.6
2018,11,16,28.3
2018,11,17,28.1
2018,11,18,27.4
2018,11,19,27.5
2018,11,20,28.3
2018,11,21,27.0
2018,11,22,27.3
2018,11,23,27.8
2018,11,24,28.5
2018,11,25,28.4
2018,11,26,28.2
2018,11,27,27.3
2018,11,28,28.0
2018,11,29,28.3
2018,11,30,27.9
2018,12,1,27.4
2018,12,2,27.1
2018,12,3,27.1
2018,12,4,28.3
2018,12,5,27.5
2018,12,6,27.1
2018,12,7,27.7
2018,12,8,27.4
2018,12,9,27.9
2018,12,10,27.7
2018,12,11,26.7
2018,12,12,27.0
2018,12,13,26.8
2018,12,14,27.4
2018,12,15,27.0
2018,12,16,26.9
2018,12,17,27.5
2018,12,18,28.7
2018,12,19,28.8
2018,12,20,28.4
2018,12,21,28.6
2018,12,22,28.6
2018,12,23,28.3
2018,12,24,28.9
2018,12,25,29.1
2018,12,26,28.4
2018,12,27,28.1
2018,12,28,29.3
2018,12,29,28.4
2018,12,30,28.9
2018,12,31,27.8
2019,1,1,28.2
2019,1,2,28.7
2019,1,3,28.9
2019,1,4,29.2
2019,1,5,29.0
2019,1,6,29.0
2019,1,7,29.1
2019,1,8,28.0
2019,1,9,28.6
2019,1,10,28.9
2019,1,11,28.6
2019,1,12,28.5
2019,1,13,27.9
2019,1,14,28.3
2019,1,15,28.7
2019,1,16,28.6
2019,1,17,26.9
2019,1,18,26.3
2019,1,19,27.8
2019,1,20,28.4
2019,1,21,28.4
2019,1,22,28.0
2019,1,23,28.2
2019,1,24,
2019,1,25,27.4
2019,1,26,27.5
2019,1,27,28.0
2019,1,28,27.1
2019,1,29,28.1
2019,1,30,28.3
2019,1,31,28.1
2019,2,1,28.5
2019,2,2,28.6
2019,2,3,28.7
2019,2,4,27.6
2019,2,5,27.8
2019,2,6,28.2
2019,2,7,28.0
2019,2,8,28.4
2019,2,9,28.9
2019,2,10,28.6
2019,2,11,28.1
2019,2,12,28.8
2019,2,13,28.8
2019,2,14,28.9
2019,2,15,28.3
2019,2,16,28.3
2019,2,17,27.9
2019,2,18,27.4
2019,2,19,27.9
2019,2,20,28.4
2019,2,21,28.8
2019,2,22,28.6
2019,2,23,28.4
2019,2,24,28.2
2019,2,25,29.0
2019,2,26,28.8
2019,2,27,28.5
2019,2,28,28.6
2019,3,1,28.7
2019,3,2,28.6
2019,3,3,28.4
2019,3,4,28.0
2019,3,5,28.6
2019,3,6,29.1
2019,3,7,29.3
2019,3,8,29.3
2019,3,9,29.5
2019,3,10,29.2
2019,3,11,27.5
2019,3,12,28.6
2019,3,13,29.1
2019,3,14,29.2
2019,3,15,29.0
2019,3,16,28.3
2019,3,17,28.9
2019,3,18,29.2
2019,3,19,29.2
2019,3,20,29.3
2019,3,21,28.0
2019,3,22,28.9
2019,3,23,29.4
2019,3,24,29.1
2019,3,25,29.0
2019,3,26,30.0
2019,3,27,30.2
2019,3,28,28.5
2019,3,29,29.6
2019,3,30,27.7
2019,3,31,29.0
2019,4,1,27.7
2019,4,2,28.6
2019,4,3,27.5
2019,4,4,28.9
2019,4,5,28.6
2019,4,6,28.8
2019,4,7,29.0
2019,4,8,29.6
2019,4,9,29.0
2019,4,10,28.7
2019,4,11,28.2
2019,4,12,29.0
2019,4,13,29.5
2019,4,14,29.3
2019,4,15,29.9
2019,4,16,30.6
2019,4,17,30.1
2019,4,18,30.3
2019,4,19,29.6
2019,4,20,28.8
2019,4,21,29.8
2019,4,22,29.1
2019,4,23,27.9
2019,4,24,28.4
2019,4,25,29.1
2019,4,26,26.6
2019,4,27,28.0
2019,4,28,29.3
2019,4,29,29.7
2019,4,30,29.0
2019,5,1,29.8
2019,5,2,30.3
2019,5,3,30.1
2019,5,4,29.3
2019,5,5,28.8
2019,5,6,30.1
2019,5,7,30.4
2019,5,8,27.4
2019,5,9,30.0
2019,5,10,29.4
2019,5,11,29.5
2019,5,12,29.9
2019,5,13,29.3
2019,5,14,29.5
2019,5,15,29.6
2019,5,16,28.4
2019,5,17,27.8
2019,5,18,29.3
2019,5,19,28.0
2019,5,20,28.6
2019,5,21,28.8
2019,5,22,28.4
2019,5,23,29.5
2019,5,24,30.3
2019,5,25,29.5
2019,5,26,29.9
2019,5,27,29.9
2019,5,28,30.0
2019,5,29,29.9
2019,5,30,28.6
2019,5,31,29.0
2019,6,1,28.6
2019,6,2,28.5
2019,6,3,27.5
2019,6,4,28.3
2019,6,5,29.3
2019,6,6,27.8
2019,6,7,26.7
2019,6,8,27.6
2019,6,9,28.6
2019,6,10,30.0
2019,6,11,29.7
2019,6,12,27.3
2019,6,13,28.9
2019,6,14,29.4
2019,6,15,28.5
2019,6,16,29.6
2019,6,17,29.2
2019,6,18,27.7
2019,6,19,28.2
2019,6,20,29.2
2019,6,21,28.4
2019,6,22,27.5
2019,6,23,28.9
2019,6,24,29.4
2019,6,25,29.9
2019,6,26,28.4
2019,6,27,29.4
2019,6,28,29.8
2019,6,29,29.3
2019,6,30,29.0
2019,7,1,29.6
2019,7,2,29.7
2019,7,3,28.9
2019,7,4,29.4
2019,7,5,29.6
2019,7,6,29.6
2019,7,7,29.1
2019,7,8,28.6
2019,7,9,27.8
2019,7,10,29.4
2019,7,11,29.7
2019,7,12,29.7
2019,7,13,29.7
2019,7,14,29.7
2019,7,15,27.7
2019,7,16,29.3
2019,7,17,29.3
2019,7,18,29.3
2019,7,19,29.2
2019,7,20,29.4
2019,7,21,28.9
2019,7,22,28.6
2019,7,23,27.6
2019,7,24,28.6
2019,7,25,29.1
2019,7,26,29.4
2019,7,27,29.4
2019,7,28,29.4
2019,7,29,29.7
2019,7,30,29.3
2019,7,31,29.5
2019,8,1,29.4
2019,8,2,29.5
2019,8,3,29.5
2019,8,4,29.2
2019,8,5,29.2
2019,8,6,29.1
2019,8,7,29.1
2019,8,8,29.1
2019,8,9,29.1
2019,8,10,29.3
2019,8,11,29.6
2019,8,12,29.6
2019,8,13,29.5
2019,8,14,29.5
2019,8,15,29.1
2019,8,16,29.5
2019,8,17,29.1
2019,8,18,29.6
2019,8,19,29.4
2019,8,20,29.4
2019,8,21,29.5
2019,8,22,29.5
2019,8,23,29.6
2019,8,24,29.5
2019,8,25,28.9
2019,8,26,28.6
2019,8,27,27.5
2019,8,28,27.4
2019,8,29,29.0
2019,8,30,28.6
2019,8,31,28.9
2019,9,1,29.4
2019,9,2,29.7
2019,9,3,29.6
2019,9,4,28.6
2019,9,5,29.2
2019,9,6,29.2
2019,9,7,29.4
2019,9,8,29.3
2019,9,9,29.4
2019,9,10,29.3
2019,9,11,29.3
2019,9,12,29.2
2019,9,13,29.2
2019,9,14,28.7
2019,9,15,28.9
2019,9,16,28.9
2019,9,17,29.2
2019,9,18,29.3
2019,9,19,29.3
2019,9,20,29.0
2019,9,21,29.3
2019,9,22,29.3
2019,9,23,28.9
2019,9,24,29.5
2019,9,25,26.9
2019,9,26,28.2
2019,9,27,28.7
2019,9,28,28.7
2019,9,29,28.1
2019,9,30,26.9
2019,10,1,27.9
2019,10,2,27.4
2019,10,3,27.7
2019,10,4,28.2
2019,10,5,28.2
2019,10,6,28.8
2019,10,7,27.8
2019,10,8,27.8
2019,10,9,28.5
2019,10,10,28.6
2019,10,11,29.1
2019,10,12,29.1
2019,10,13,29.0
2019,10,14,29.4
2019,10,15,29.1
2019,10,16,29.1
2019,10,17,28.5
2019,10,18,28.0
2019,10,19,28.9
2019,10,20,28.9
2019,10,21,28.6
2019,10,22,26.2
2019,10,23,27.7
2019,10,24,28.7
2019,10,25,28.6
2019,10,26,27.2
2019,10,27,27.4
2019,10,28,27.2
2019,10,29,28.8
2019,10,30,28.4
2019,10,31,28.6
2019,11,1,28.3
2019,11,2,29.5
2019,11,3,27.8
2019,11,4,29.1
2019,11,5,28.5
2019,11,6,29.5
2019,11,7,29.9
2019,11,8,28.1
2019,11,9,29.1
2019,11,10,28.9
2019,11,11,28.9
2019,11,12,28.5
2019,11,13,29.2
2019,11,14,28.4
2019,11,15,27.7
2019,11,16,28.5
2019,11,17,29.4
2019,11,18,28.6
2019,11,19,27.6
2019,11,20,26.7
2019,11,21,27.0
2019,11,22,27.1
2019,11,23,27.0
2019,11,24,26.9
2019,11,25,27.4
2019,11,26,28.6
2019,11,27,28.3
2019,11,28,28.4
2019,11,29,26.9
2019,11,30,27.6
