year,month,day,Mean Temperature (&#176;C)
2000,1,1,
2000,1,2,
2000,1,3,
2000,1,4,
2000,1,5,
2000,1,6,
2000,1,7,
2000,1,8,
2000,1,9,
2000,1,10,
2000,1,11,
2000,1,12,
2000,1,13,
2000,1,14,
2000,1,15,
2000,1,16,
2000,1,17,
2000,1,18,
2000,1,19,
2000,1,20,
2000,1,21,
2000,1,22,
2000,1,23,
2000,1,24,
2000,1,25,
2000,1,26,
2000,1,27,
2000,1,28,
2000,1,29,
2000,1,30,
2000,1,31,
2000,2,1,
2000,2,2,
2000,2,3,
2000,2,4,
2000,2,5,
2000,2,6,
2000,2,7,
2000,2,8,
2000,2,9,
2000,2,10,
2000,2,11,
2000,2,12,
2000,2,13,
2000,2,14,
2000,2,15,
2000,2,16,
2000,2,17,
2000,2,18,
2000,2,19,
2000,2,20,
2000,2,21,
2000,2,22,
2000,2,23,
2000,2,24,
2000,2,25,
2000,2,26,
2000,2,27,
2000,2,28,
2000,2,29,
2000,3,1,
2000,3,2,
2000,3,3,
2000,3,4,
2000,3,5,
2000,3,6,
2000,3,7,
2000,3,8,
2000,3,9,
2000,3,10,
2000,3,11,
2000,3,12,
2000,3,13,
2000,3,14,
2000,3,15,
2000,3,16,
2000,3,17,
2000,3,18,
2000,3,19,
2000,3,20,
2000,3,21,
2000,3,22,
2000,3,23,
2000,3,24,
2000,3,25,
2000,3,26,
2000,3,27,
2000,3,28,
2000,3,29,
2000,3,30,
2000,3,31,
2000,4,1,
2000,4,2,
2000,4,3,
2000,4,4,
2000,4,5,
2000,4,6,
2000,4,7,
2000,4,8,
2000,4,9,
2000,4,10,
2000,4,11,
2000,4,12,
2000,4,13,
2000,4,14,
2000,4,15,
2000,4,16,
2000,4,17,
2000,4,18,
2000,4,19,
2000,4,20,
2000,4,21,
2000,4,22,
2000,4,23,
2000,4,24,
2000,4,25,
2000,4,26,
2000,4,27,
2000,4,28,
2000,4,29,
2000,4,30,
2000,5,1,
2000,5,2,
2000,5,3,
2000,5,4,
2000,5,5,
2000,5,6,
2000,5,7,
2000,5,8,
2000,5,9,
2000,5,10,
2000,5,11,
2000,5,12,
2000,5,13,
2000,5,14,
2000,5,15,
2000,5,16,
2000,5,17,
2000,5,18,
2000,5,19,
2000,5,20,
2000,5,21,
2000,5,22,
2000,5,23,
2000,5,24,
2000,5,25,
2000,5,26,
2000,5,27,
2000,5,28,
2000,5,29,
2000,5,30,
2000,5,31,
2000,6,1,
2000,6,2,
2000,6,3,
2000,6,4,
2000,6,5,
2000,6,6,
2000,6,7,
2000,6,8,
2000,6,9,
2000,6,10,
2000,6,11,
2000,6,12,
2000,6,13,
2000,6,14,
2000,6,15,
2000,6,16,
2000,6,17,
2000,6,18,
2000,6,19,
2000,6,20,
2000,6,21,
2000,6,22,
2000,6,23,
2000,6,24,
2000,6,25,
2000,6,26,
2000,6,27,
2000,6,28,
2000,6,29,
2000,6,30,
2000,7,1,
2000,7,2,
2000,7,3,
2000,7,4,
2000,7,5,
2000,7,6,
2000,7,7,
2000,7,8,
2000,7,9,
2000,7,10,
2000,7,11,
2000,7,12,
2000,7,13,
2000,7,14,
2000,7,15,
2000,7,16,
2000,7,17,
2000,7,18,
2000,7,19,
2000,7,20,
2000,7,21,
2000,7,22,
2000,7,23,
2000,7,24,
2000,7,25,
2000,7,26,
2000,7,27,
2000,7,28,
2000,7,29,
2000,7,30,
2000,7,31,
2000,8,1,
2000,8,2,
2000,8,3,
2000,8,4,
2000,8,5,
2000,8,6,
2000,8,7,
2000,8,8,
2000,8,9,
2000,8,10,
2000,8,11,
2000,8,12,
2000,8,13,
2000,8,14,
2000,8,15,
2000,8,16,
2000,8,17,
2000,8,18,
2000,8,19,
2000,8,20,
2000,8,21,
2000,8,22,
2000,8,23,
2000,8,24,
2000,8,25,
2000,8,26,
2000,8,27,
2000,8,28,
2000,8,29,
2000,8,30,
2000,8,31,
2000,9,1,
2000,9,2,
2000,9,3,
2000,9,4,
2000,9,5,
2000,9,6,
2000,9,7,
2000,9,8,
2000,9,9,
2000,9,10,
2000,9,11,
2000,9,12,
2000,9,13,
2000,9,14,
2000,9,15,
2000,9,16,
2000,9,17,
2000,9,18,
2000,9,19,
2000,9,20,
2000,9,21,
2000,9,22,
2000,9,23,
2000,9,24,
2000,9,25,
2000,9,26,
2000,9,27,
2000,9,28,
2000,9,29,
2000,9,30,
2000,10,1,
2000,10,2,
2000,10,3,
2000,10,4,
2000,10,5,
2000,10,6,
2000,10,7,
2000,10,8,
2000,10,9,
2000,10,10,
2000,10,11,
2000,10,12,
2000,10,13,
2000,10,14,
2000,10,15,
2000,10,16,
2000,10,17,
2000,10,18,
2000,10,19,
2000,10,20,
2000,10,21,
2000,10,22,
2000,10,23,
2000,10,24,
2000,10,25,
2000,10,26,
2000,10,27,
2000,10,28,
2000,10,29,
2000,10,30,
2000,10,31,
2000,11,1,
2000,11,2,
2000,11,3,
2000,11,4,
2000,11,5,
2000,11,6,
2000,11,7,
2000,11,8,
2000,11,9,
2000,11,10,
2000,11,11,
2000,11,12,
2000,11,13,
2000,11,14,
2000,11,15,
2000,11,16,
2000,11,17,
2000,11,18,
2000,11,19,
2000,11,20,
2000,11,21,
2000,11,22,
2000,11,23,
2000,11,24,
2000,11,25,
2000,11,26,
2000,11,27,
2000,11,28,
2000,11,29,
2000,11,30,
2000,12,1,
2000,12,2,
2000,12,3,
2000,12,4,
2000,12,5,
2000,12,6,
2000,12,7,
2000,12,8,
2000,12,9,
2000,12,10,
2000,12,11,
2000,12,12,
2000,12,13,
2000,12,14,
2000,12,15,
2000,12,16,
2000,12,17,
2000,12,18,
2000,12,19,
2000,12,20,
2000,12,21,
2000,12,22,
2000,12,23,
2000,12,24,
2000,12,25,
2000,12,26,
2000,12,27,
2000,12,28,
2000,12,29,
2000,12,30,
2000,12,31,
2001,1,1,
2001,1,2,
2001,1,3,
2001,1,4,
2001,1,5,
2001,1,6,
2001,1,7,
2001,1,8,
2001,1,9,
2001,1,10,
2001,1,11,
2001,1,12,
2001,1,13,
2001,1,14,
2001,1,15,
2001,1,16,
2001,1,17,
2001,1,18,
2001,1,19,
2001,1,20,
2001,1,21,
2001,1,22,
2001,1,23,
2001,1,24,
2001,1,25,
2001,1,26,
2001,1,27,
2001,1,28,
2001,1,29,
2001,1,30,
2001,1,31,
2001,2,1,
2001,2,2,
2001,2,3,
2001,2,4,
2001,2,5,
2001,2,6,
2001,2,7,
2001,2,8,
2001,2,9,
2001,2,10,
2001,2,11,
2001,2,12,
2001,2,13,
2001,2,14,
2001,2,15,
2001,2,16,
2001,2,17,
2001,2,18,
2001,2,19,
2001,2,20,
2001,2,21,
2001,2,22,
2001,2,23,
2001,2,24,
2001,2,25,
2001,2,26,
2001,2,27,
2001,2,28,
2001,3,1,
2001,3,2,
2001,3,3,
2001,3,4,
2001,3,5,
2001,3,6,
2001,3,7,
2001,3,8,
2001,3,9,
2001,3,10,
2001,3,11,
2001,3,12,
2001,3,13,
2001,3,14,
2001,3,15,
2001,3,16,
2001,3,17,
2001,3,18,
2001,3,19,
2001,3,20,
2001,3,21,
2001,3,22,
2001,3,23,
2001,3,24,
2001,3,25,
2001,3,26,
2001,3,27,
2001,3,28,
2001,3,29,
2001,3,30,
2001,3,31,
2001,4,1,
2001,4,2,
2001,4,3,
2001,4,4,
2001,4,5,
2001,4,6,
2001,4,7,
2001,4,8,
2001,4,9,
2001,4,10,
2001,4,11,
2001,4,12,
2001,4,13,
2001,4,14,
2001,4,15,
2001,4,16,
2001,4,17,
2001,4,18,
2001,4,19,
2001,4,20,
2001,4,21,
2001,4,22,
2001,4,23,
2001,4,24,
2001,4,25,
2001,4,26,
2001,4,27,
2001,4,28,
2001,4,29,
2001,4,30,
2001,5,1,
2001,5,2,
2001,5,3,
2001,5,4,
2001,5,5,
2001,5,6,
2001,5,7,
2001,5,8,
2001,5,9,
2001,5,10,
2001,5,11,
2001,5,12,
2001,5,13,
2001,5,14,
2001,5,15,
2001,5,16,
2001,5,17,
2001,5,18,
2001,5,19,
2001,5,20,
2001,5,21,
2001,5,22,
2001,5,23,
2001,5,24,
2001,5,25,
2001,5,26,
2001,5,27,
2001,5,28,
2001,5,29,
2001,5,30,
2001,5,31,
2001,6,1,
2001,6,2,
2001,6,3,
2001,6,4,
2001,6,5,
2001,6,6,
2001,6,7,
2001,6,8,
2001,6,9,
2001,6,10,
2001,6,11,
2001,6,12,
2001,6,13,
2001,6,14,
2001,6,15,
2001,6,16,
2001,6,17,
2001,6,18,
2001,6,19,
2001,6,20,
2001,6,21,
2001,6,22,
2001,6,23,
2001,6,24,
2001,6,25,
2001,6,26,
2001,6,27,
2001,6,28,
2001,6,29,
2001,6,30,
2001,7,1,
2001,7,2,
2001,7,3,
2001,7,4,
2001,7,5,
2001,7,6,
2001,7,7,
2001,7,8,
2001,7,9,
2001,7,10,
2001,7,11,
2001,7,12,
2001,7,13,
2001,7,14,
2001,7,15,
2001,7,16,
2001,7,17,
2001,7,18,
2001,7,19,
2001,7,20,
2001,7,21,
2001,7,22,
2001,7,23,
2001,7,24,
2001,7,25,
2001,7,26,
2001,7,27,
2001,7,28,
2001,7,29,
2001,7,30,
2001,7,31,
2001,8,1,
2001,8,2,
2001,8,3,
2001,8,4,
2001,8,5,
2001,8,6,
2001,8,7,
2001,8,8,
2001,8,9,
2001,8,10,
2001,8,11,
2001,8,12,
2001,8,13,
2001,8,14,
2001,8,15,
2001,8,16,
2001,8,17,
2001,8,18,
2001,8,19,
2001,8,20,
2001,8,21,
2001,8,22,
2001,8,23,
2001,8,24,
2001,8,25,
2001,8,26,
2001,8,27,
2001,8,28,
2001,8,29,
2001,8,30,
2001,8,31,
2001,9,1,
2001,9,2,
2001,9,3,
2001,9,4,
2001,9,5,
2001,9,6,
2001,9,7,
2001,9,8,
2001,9,9,
2001,9,10,
2001,9,11,
2001,9,12,
2001,9,13,
2001,9,14,
2001,9,15,
2001,9,16,
2001,9,17,
2001,9,18,
2001,9,19,
2001,9,20,
2001,9,21,
2001,9,22,
2001,9,23,
2001,9,24,
2001,9,25,
2001,9,26,
2001,9,27,
2001,9,28,
2001,9,29,
2001,9,30,
2001,10,1,
2001,10,2,
2001,10,3,
2001,10,4,
2001,10,5,
2001,10,6,
2001,10,7,
2001,10,8,
2001,10,9,
2001,10,10,
2001,10,11,
2001,10,12,
2001,10,13,
2001,10,14,
2001,10,15,
2001,10,16,
2001,10,17,
2001,10,18,
2001,10,19,
2001,10,20,
2001,10,21,
2001,10,22,
2001,10,23,
2001,10,24,
2001,10,25,
2001,10,26,
2001,10,27,
2001,10,28,
2001,10,29,
2001,10,30,
2001,10,31,
2001,11,1,
2001,11,2,
2001,11,3,
2001,11,4,
2001,11,5,
2001,11,6,
2001,11,7,
2001,11,8,
2001,11,9,
2001,11,10,
2001,11,11,
2001,11,12,
2001,11,13,
2001,11,14,
2001,11,15,
2001,11,16,
2001,11,17,
2001,11,18,
2001,11,19,
2001,11,20,
2001,11,21,
2001,11,22,
2001,11,23,
2001,11,24,
2001,11,25,
2001,11,26,
2001,11,27,
2001,11,28,
2001,11,29,
2001,11,30,
2001,12,1,
2001,12,2,
2001,12,3,
2001,12,4,
2001,12,5,
2001,12,6,
2001,12,7,
2001,12,8,
2001,12,9,
2001,12,10,
2001,12,11,
2001,12,12,
2001,12,13,
2001,12,14,
2001,12,15,
2001,12,16,
2001,12,17,
2001,12,18,
2001,12,19,
2001,12,20,
2001,12,21,
2001,12,22,
2001,12,23,
2001,12,24,
2001,12,25,
2001,12,26,
2001,12,27,
2001,12,28,
2001,12,29,
2001,12,30,
2001,12,31,
2002,1,1,
2002,1,2,
2002,1,3,
2002,1,4,
2002,1,5,
2002,1,6,
2002,1,7,
2002,1,8,
2002,1,9,
2002,1,10,
2002,1,11,
2002,1,12,
2002,1,13,
2002,1,14,
2002,1,15,
2002,1,16,
2002,1,17,
2002,1,18,
2002,1,19,
2002,1,20,
2002,1,21,
2002,1,22,
2002,1,23,
2002,1,24,
2002,1,25,
2002,1,26,
2002,1,27,
2002,1,28,
2002,1,29,
2002,1,30,
2002,1,31,
2002,2,1,
2002,2,2,
2002,2,3,
2002,2,4,
2002,2,5,
2002,2,6,
2002,2,7,
2002,2,8,
2002,2,9,
2002,2,10,
2002,2,11,
2002,2,12,
2002,2,13,
2002,2,14,
2002,2,15,
2002,2,16,
2002,2,17,
2002,2,18,
2002,2,19,
2002,2,20,
2002,2,21,
2002,2,22,
2002,2,23,
2002,2,24,
2002,2,25,
2002,2,26,
2002,2,27,
2002,2,28,
2002,3,1,
2002,3,2,
2002,3,3,
2002,3,4,
2002,3,5,
2002,3,6,
2002,3,7,
2002,3,8,
2002,3,9,
2002,3,10,
2002,3,11,
2002,3,12,
2002,3,13,
2002,3,14,
2002,3,15,
2002,3,16,
2002,3,17,
2002,3,18,
2002,3,19,
2002,3,20,
2002,3,21,
2002,3,22,
2002,3,23,
2002,3,24,
2002,3,25,
2002,3,26,
2002,3,27,
2002,3,28,
2002,3,29,
2002,3,30,
2002,3,31,
2002,4,1,
2002,4,2,
2002,4,3,
2002,4,4,
2002,4,5,
2002,4,6,
2002,4,7,
2002,4,8,
2002,4,9,
2002,4,10,
2002,4,11,
2002,4,12,
2002,4,13,
2002,4,14,
2002,4,15,
2002,4,16,
2002,4,17,
2002,4,18,
2002,4,19,
2002,4,20,
2002,4,21,
2002,4,22,
2002,4,23,
2002,4,24,
2002,4,25,
2002,4,26,
2002,4,27,
2002,4,28,
2002,4,29,
2002,4,30,
2002,5,1,
2002,5,2,
2002,5,3,
2002,5,4,
2002,5,5,
2002,5,6,
2002,5,7,
2002,5,8,
2002,5,9,
2002,5,10,
2002,5,11,
2002,5,12,
2002,5,13,
2002,5,14,
2002,5,15,
2002,5,16,
2002,5,17,
2002,5,18,
2002,5,19,
2002,5,20,
2002,5,21,
2002,5,22,
2002,5,23,
2002,5,24,
2002,5,25,
2002,5,26,
2002,5,27,
2002,5,28,
2002,5,29,
2002,5,30,
2002,5,31,
2002,6,1,
2002,6,2,
2002,6,3,
2002,6,4,
2002,6,5,
2002,6,6,
2002,6,7,
2002,6,8,
2002,6,9,
2002,6,10,
2002,6,11,
2002,6,12,
2002,6,13,
2002,6,14,
2002,6,15,
2002,6,16,
2002,6,17,
2002,6,18,
2002,6,19,
2002,6,20,
2002,6,21,
2002,6,22,
2002,6,23,
2002,6,24,
2002,6,25,
2002,6,26,
2002,6,27,
2002,6,28,
2002,6,29,
2002,6,30,
2002,7,1,
2002,7,2,
2002,7,3,
2002,7,4,
2002,7,5,
2002,7,6,
2002,7,7,
2002,7,8,
2002,7,9,
2002,7,10,
2002,7,11,
2002,7,12,
2002,7,13,
2002,7,14,
2002,7,15,
2002,7,16,
2002,7,17,
2002,7,18,
2002,7,19,
2002,7,20,
2002,7,21,
2002,7,22,
2002,7,23,
2002,7,24,
2002,7,25,
2002,7,26,
2002,7,27,
2002,7,28,
2002,7,29,
2002,7,30,
2002,7,31,
2002,8,1,
2002,8,2,
2002,8,3,
2002,8,4,
2002,8,5,
2002,8,6,
2002,8,7,
2002,8,8,
2002,8,9,
2002,8,10,
2002,8,11,
2002,8,12,
2002,8,13,
2002,8,14,
2002,8,15,
2002,8,16,
2002,8,17,
2002,8,18,
2002,8,19,
2002,8,20,
2002,8,21,
2002,8,22,
2002,8,23,
2002,8,24,
2002,8,25,
2002,8,26,
2002,8,27,
2002,8,28,
2002,8,29,
2002,8,30,
2002,8,31,
2002,9,1,
2002,9,2,
2002,9,3,
2002,9,4,
2002,9,5,
2002,9,6,
2002,9,7,
2002,9,8,
2002,9,9,
2002,9,10,
2002,9,11,
2002,9,12,
2002,9,13,
2002,9,14,
2002,9,15,
2002,9,16,
2002,9,17,
2002,9,18,
2002,9,19,
2002,9,20,
2002,9,21,
2002,9,22,
2002,9,23,
2002,9,24,
2002,9,25,
2002,9,26,
2002,9,27,
2002,9,28,
2002,9,29,
2002,9,30,
2002,10,1,
2002,10,2,
2002,10,3,
2002,10,4,
2002,10,5,
2002,10,6,
2002,10,7,
2002,10,8,
2002,10,9,
2002,10,10,
2002,10,11,
2002,10,12,
2002,10,13,
2002,10,14,
2002,10,15,
2002,10,16,
2002,10,17,
2002,10,18,
2002,10,19,
2002,10,20,
2002,10,21,
2002,10,22,
2002,10,23,
2002,10,24,
2002,10,25,
2002,10,26,
2002,10,27,
2002,10,28,
2002,10,29,
2002,10,30,
2002,10,31,
2002,11,1,
2002,11,2,
2002,11,3,
2002,11,4,
2002,11,5,
2002,11,6,
2002,11,7,
2002,11,8,
2002,11,9,
2002,11,10,
2002,11,11,
2002,11,12,
2002,11,13,
2002,11,14,
2002,11,15,
2002,11,16,
2002,11,17,
2002,11,18,
2002,11,19,
2002,11,20,
2002,11,21,
2002,11,22,
2002,11,23,
2002,11,24,
2002,11,25,
2002,11,26,
2002,11,27,
2002,11,28,
2002,11,29,
2002,11,30,
2002,12,1,
2002,12,2,
2002,12,3,
2002,12,4,
2002,12,5,
2002,12,6,
2002,12,7,
2002,12,8,
2002,12,9,
2002,12,10,
2002,12,11,
2002,12,12,
2002,12,13,
2002,12,14,
2002,12,15,
2002,12,16,
2002,12,17,
2002,12,18,
2002,12,19,
2002,12,20,
2002,12,21,
2002,12,22,
2002,12,23,
2002,12,24,
2002,12,25,
2002,12,26,
2002,12,27,
2002,12,28,
2002,12,29,
2002,12,30,
2002,12,31,
2003,1,1,
2003,1,2,
2003,1,3,
2003,1,4,
2003,1,5,
2003,1,6,
2003,1,7,
2003,1,8,
2003,1,9,
2003,1,10,
2003,1,11,
2003,1,12,
2003,1,13,
2003,1,14,
2003,1,15,
2003,1,16,
2003,1,17,
2003,1,18,
2003,1,19,
2003,1,20,
2003,1,21,
2003,1,22,
2003,1,23,
2003,1,24,
2003,1,25,
2003,1,26,
2003,1,27,
2003,1,28,
2003,1,29,
2003,1,30,
2003,1,31,
2003,2,1,
2003,2,2,
2003,2,3,
2003,2,4,
2003,2,5,
2003,2,6,
2003,2,7,
2003,2,8,
2003,2,9,
2003,2,10,
2003,2,11,
2003,2,12,
2003,2,13,
2003,2,14,
2003,2,15,
2003,2,16,
2003,2,17,
2003,2,18,
2003,2,19,
2003,2,20,
2003,2,21,
2003,2,22,
2003,2,23,
2003,2,24,
2003,2,25,
2003,2,26,
2003,2,27,
2003,2,28,
2003,3,1,
2003,3,2,
2003,3,3,
2003,3,4,
2003,3,5,
2003,3,6,
2003,3,7,
2003,3,8,
2003,3,9,
2003,3,10,
2003,3,11,
2003,3,12,
2003,3,13,
2003,3,14,
2003,3,15,
2003,3,16,
2003,3,17,
2003,3,18,
2003,3,19,
2003,3,20,
2003,3,21,
2003,3,22,
2003,3,23,
2003,3,24,
2003,3,25,
2003,3,26,
2003,3,27,
2003,3,28,
2003,3,29,
2003,3,30,
2003,3,31,
2003,4,1,
2003,4,2,
2003,4,3,
2003,4,4,
2003,4,5,
2003,4,6,
2003,4,7,
2003,4,8,
2003,4,9,
2003,4,10,
2003,4,11,
2003,4,12,
2003,4,13,
2003,4,14,
2003,4,15,
2003,4,16,
2003,4,17,
2003,4,18,
2003,4,19,
2003,4,20,
2003,4,21,
2003,4,22,
2003,4,23,
2003,4,24,
2003,4,25,
2003,4,26,
2003,4,27,
2003,4,28,
2003,4,29,
2003,4,30,
2003,5,1,
2003,5,2,
2003,5,3,
2003,5,4,
2003,5,5,
2003,5,6,
2003,5,7,
2003,5,8,
2003,5,9,
2003,5,10,
2003,5,11,
2003,5,12,
2003,5,13,
2003,5,14,
2003,5,15,
2003,5,16,
2003,5,17,
2003,5,18,
2003,5,19,
2003,5,20,
2003,5,21,
2003,5,22,
2003,5,23,
2003,5,24,
2003,5,25,
2003,5,26,
2003,5,27,
2003,5,28,
2003,5,29,
2003,5,30,
2003,5,31,
2003,6,1,
2003,6,2,
2003,6,3,
2003,6,4,
2003,6,5,
2003,6,6,
2003,6,7,
2003,6,8,
2003,6,9,
2003,6,10,
2003,6,11,
2003,6,12,
2003,6,13,
2003,6,14,
2003,6,15,
2003,6,16,
2003,6,17,
2003,6,18,
2003,6,19,
2003,6,20,
2003,6,21,
2003,6,22,
2003,6,23,
2003,6,24,
2003,6,25,
2003,6,26,
2003,6,27,
2003,6,28,
2003,6,29,
2003,6,30,
2003,7,1,
2003,7,2,
2003,7,3,
2003,7,4,
2003,7,5,
2003,7,6,
2003,7,7,
2003,7,8,
2003,7,9,
2003,7,10,
2003,7,11,
2003,7,12,
2003,7,13,
2003,7,14,
2003,7,15,
2003,7,16,
2003,7,17,
2003,7,18,
2003,7,19,
2003,7,20,
2003,7,21,
2003,7,22,
2003,7,23,
2003,7,24,
2003,7,25,
2003,7,26,
2003,7,27,
2003,7,28,
2003,7,29,
2003,7,30,
2003,7,31,
2003,8,1,
2003,8,2,
2003,8,3,
2003,8,4,
2003,8,5,
2003,8,6,
2003,8,7,
2003,8,8,
2003,8,9,
2003,8,10,
2003,8,11,
2003,8,12,
2003,8,13,
2003,8,14,
2003,8,15,
2003,8,16,
2003,8,17,
2003,8,18,
2003,8,19,
2003,8,20,
2003,8,21,
2003,8,22,
2003,8,23,
2003,8,24,
2003,8,25,
2003,8,26,
2003,8,27,
2003,8,28,
2003,8,29,
2003,8,30,
2003,8,31,
2003,9,1,
2003,9,2,
2003,9,3,
2003,9,4,
2003,9,5,
2003,9,6,
2003,9,7,
2003,9,8,
2003,9,9,
2003,9,10,
2003,9,11,
2003,9,12,
2003,9,13,
2003,9,14,
2003,9,15,
2003,9,16,
2003,9,17,
2003,9,18,
2003,9,19,
2003,9,20,
2003,9,21,
2003,9,22,
2003,9,23,
2003,9,24,
2003,9,25,
2003,9,26,
2003,9,27,
2003,9,28,
2003,9,29,
2003,9,30,
2003,10,1,
2003,10,2,
2003,10,3,
2003,10,4,
2003,10,5,
2003,10,6,
2003,10,7,
2003,10,8,
2003,10,9,
2003,10,10,
2003,10,11,
2003,10,12,
2003,10,13,
2003,10,14,
2003,10,15,
2003,10,16,
2003,10,17,
2003,10,18,
2003,10,19,
2003,10,20,
2003,10,21,
2003,10,22,
2003,10,23,
2003,10,24,
2003,10,25,
2003,10,26,
2003,10,27,
2003,10,28,
2003,10,29,
2003,10,30,
2003,10,31,
2003,11,1,
2003,11,2,
2003,11,3,
2003,11,4,
2003,11,5,
2003,11,6,
2003,11,7,
2003,11,8,
2003,11,9,
2003,11,10,
2003,11,11,
2003,11,12,
2003,11,13,
2003,11,14,
2003,11,15,
2003,11,16,
2003,11,17,
2003,11,18,
2003,11,19,
2003,11,20,
2003,11,21,
2003,11,22,
2003,11,23,
2003,11,24,
2003,11,25,
2003,11,26,
2003,11,27,
2003,11,28,
2003,11,29,
2003,11,30,
2003,12,1,
2003,12,2,
2003,12,3,
2003,12,4,
2003,12,5,
2003,12,6,
2003,12,7,
2003,12,8,
2003,12,9,
2003,12,10,
2003,12,11,
2003,12,12,
2003,12,13,
2003,12,14,
2003,12,15,
2003,12,16,
2003,12,17,
2003,12,18,
2003,12,19,
2003,12,20,
2003,12,21,
2003,12,22,
2003,12,23,
2003,12,24,
2003,12,25,
2003,12,26,
2003,12,27,
2003,12,28,
2003,12,29,
2003,12,30,
2003,12,31,
2004,1,1,
2004,1,2,
2004,1,3,
2004,1,4,
2004,1,5,
2004,1,6,
2004,1,7,
2004,1,8,
2004,1,9,
2004,1,10,
2004,1,11,
2004,1,12,
2004,1,13,
2004,1,14,
2004,1,15,
2004,1,16,
2004,1,17,
2004,1,18,
2004,1,19,
2004,1,20,
2004,1,21,
2004,1,22,
2004,1,23,
2004,1,24,
2004,1,25,
2004,1,26,
2004,1,27,
2004,1,28,
2004,1,29,
2004,1,30,
2004,1,31,
2004,2,1,
2004,2,2,
2004,2,3,
2004,2,4,
2004,2,5,
2004,2,6,
2004,2,7,
2004,2,8,
2004,2,9,
2004,2,10,
2004,2,11,
2004,2,12,
2004,2,13,
2004,2,14,
2004,2,15,
2004,2,16,
2004,2,17,
2004,2,18,
2004,2,19,
2004,2,20,
2004,2,21,
2004,2,22,
2004,2,23,
2004,2,24,
2004,2,25,
2004,2,26,
2004,2,27,
2004,2,28,
2004,2,29,
2004,3,1,
2004,3,2,
2004,3,3,
2004,3,4,
2004,3,5,
2004,3,6,
2004,3,7,
2004,3,8,
2004,3,9,
2004,3,10,
2004,3,11,
2004,3,12,
2004,3,13,
2004,3,14,
2004,3,15,
2004,3,16,
2004,3,17,
2004,3,18,
2004,3,19,
2004,3,20,
2004,3,21,
2004,3,22,
2004,3,23,
2004,3,24,
2004,3,25,
2004,3,26,
2004,3,27,
2004,3,28,
2004,3,29,
2004,3,30,
2004,3,31,
2004,4,1,
2004,4,2,
2004,4,3,
2004,4,4,
2004,4,5,
2004,4,6,
2004,4,7,
2004,4,8,
2004,4,9,
2004,4,10,
2004,4,11,
2004,4,12,
2004,4,13,
2004,4,14,
2004,4,15,
2004,4,16,
2004,4,17,
2004,4,18,
2004,4,19,
2004,4,20,
2004,4,21,
2004,4,22,
2004,4,23,
2004,4,24,
2004,4,25,
2004,4,26,
2004,4,27,
2004,4,28,
2004,4,29,
2004,4,30,
2004,5,1,
2004,5,2,
2004,5,3,
2004,5,4,
2004,5,5,
2004,5,6,
2004,5,7,
2004,5,8,
2004,5,9,
2004,5,10,
2004,5,11,
2004,5,12,
2004,5,13,
2004,5,14,
2004,5,15,
2004,5,16,
2004,5,17,
2004,5,18,
2004,5,19,
2004,5,20,
2004,5,21,
2004,5,22,
2004,5,23,
2004,5,24,
2004,5,25,
2004,5,26,
2004,5,27,
2004,5,28,
2004,5,29,
2004,5,30,
2004,5,31,
2004,6,1,
2004,6,2,
2004,6,3,
2004,6,4,
2004,6,5,
2004,6,6,
2004,6,7,
2004,6,8,
2004,6,9,
2004,6,10,
2004,6,11,
2004,6,12,
2004,6,13,
2004,6,14,
2004,6,15,
2004,6,16,
2004,6,17,
2004,6,18,
2004,6,19,
2004,6,20,
2004,6,21,
2004,6,22,
2004,6,23,
2004,6,24,
2004,6,25,
2004,6,26,
2004,6,27,
2004,6,28,
2004,6,29,
2004,6,30,
2004,7,1,
2004,7,2,
2004,7,3,
2004,7,4,
2004,7,5,
2004,7,6,
2004,7,7,
2004,7,8,
2004,7,9,
2004,7,10,
2004,7,11,
2004,7,12,
2004,7,13,
2004,7,14,
2004,7,15,
2004,7,16,
2004,7,17,
2004,7,18,
2004,7,19,
2004,7,20,
2004,7,21,
2004,7,22,
2004,7,23,
2004,7,24,
2004,7,25,
2004,7,26,
2004,7,27,
2004,7,28,
2004,7,29,
2004,7,30,
2004,7,31,
2004,8,1,
2004,8,2,
2004,8,3,
2004,8,4,
2004,8,5,
2004,8,6,
2004,8,7,
2004,8,8,
2004,8,9,
2004,8,10,
2004,8,11,
2004,8,12,
2004,8,13,
2004,8,14,
2004,8,15,
2004,8,16,
2004,8,17,
2004,8,18,
2004,8,19,
2004,8,20,
2004,8,21,
2004,8,22,
2004,8,23,
2004,8,24,
2004,8,25,
2004,8,26,
2004,8,27,
2004,8,28,
2004,8,29,
2004,8,30,
2004,8,31,
2004,9,1,
2004,9,2,
2004,9,3,
2004,9,4,
2004,9,5,
2004,9,6,
2004,9,7,
2004,9,8,
2004,9,9,
2004,9,10,
2004,9,11,
2004,9,12,
2004,9,13,
2004,9,14,
2004,9,15,
2004,9,16,
2004,9,17,
2004,9,18,
2004,9,19,
2004,9,20,
2004,9,21,
2004,9,22,
2004,9,23,
2004,9,24,
2004,9,25,
2004,9,26,
2004,9,27,
2004,9,28,
2004,9,29,
2004,9,30,
2004,10,1,
2004,10,2,
2004,10,3,
2004,10,4,
2004,10,5,
2004,10,6,
2004,10,7,
2004,10,8,
2004,10,9,
2004,10,10,
2004,10,11,
2004,10,12,
2004,10,13,
2004,10,14,
2004,10,15,
2004,10,16,
2004,10,17,
2004,10,18,
2004,10,19,
2004,10,20,
2004,10,21,
2004,10,22,
2004,10,23,
2004,10,24,
2004,10,25,
2004,10,26,
2004,10,27,
2004,10,28,
2004,10,29,
2004,10,30,
2004,10,31,
2004,11,1,
2004,11,2,
2004,11,3,
2004,11,4,
2004,11,5,
2004,11,6,
2004,11,7,
2004,11,8,
2004,11,9,
2004,11,10,
2004,11,11,
2004,11,12,
2004,11,13,
2004,11,14,
2004,11,15,
2004,11,16,
2004,11,17,
2004,11,18,
2004,11,19,
2004,11,20,
2004,11,21,
2004,11,22,
2004,11,23,
2004,11,24,
2004,11,25,
2004,11,26,
2004,11,27,
2004,11,28,
2004,11,29,
2004,11,30,
2004,12,1,
2004,12,2,
2004,12,3,
2004,12,4,
2004,12,5,
2004,12,6,
2004,12,7,
2004,12,8,
2004,12,9,
2004,12,10,
2004,12,11,
2004,12,12,
2004,12,13,
2004,12,14,
2004,12,15,
2004,12,16,
2004,12,17,
2004,12,18,
2004,12,19,
2004,12,20,
2004,12,21,
2004,12,22,
2004,12,23,
2004,12,24,
2004,12,25,
2004,12,26,
2004,12,27,
2004,12,28,
2004,12,29,
2004,12,30,
2004,12,31,
2005,1,1,
2005,1,2,
2005,1,3,
2005,1,4,
2005,1,5,
2005,1,6,
2005,1,7,
2005,1,8,
2005,1,9,
2005,1,10,
2005,1,11,
2005,1,12,
2005,1,13,
2005,1,14,
2005,1,15,
2005,1,16,
2005,1,17,
2005,1,18,
2005,1,19,
2005,1,20,
2005,1,21,
2005,1,22,
2005,1,23,
2005,1,24,
2005,1,25,
2005,1,26,
2005,1,27,
2005,1,28,
2005,1,29,
2005,1,30,
2005,1,31,
2005,2,1,
2005,2,2,
2005,2,3,
2005,2,4,
2005,2,5,
2005,2,6,
2005,2,7,
2005,2,8,
2005,2,9,
2005,2,10,
2005,2,11,
2005,2,12,
2005,2,13,
2005,2,14,
2005,2,15,
2005,2,16,
2005,2,17,
2005,2,18,
2005,2,19,
2005,2,20,
2005,2,21,
2005,2,22,
2005,2,23,
2005,2,24,
2005,2,25,
2005,2,26,
2005,2,27,
2005,2,28,
2005,3,1,
2005,3,2,
2005,3,3,
2005,3,4,
2005,3,5,
2005,3,6,
2005,3,7,
2005,3,8,
2005,3,9,
2005,3,10,
2005,3,11,
2005,3,12,
2005,3,13,
2005,3,14,
2005,3,15,
2005,3,16,
2005,3,17,
2005,3,18,
2005,3,19,
2005,3,20,
2005,3,21,
2005,3,22,
2005,3,23,
2005,3,24,
2005,3,25,
2005,3,26,
2005,3,27,
2005,3,28,
2005,3,29,
2005,3,30,
2005,3,31,
2005,4,1,
2005,4,2,
2005,4,3,
2005,4,4,
2005,4,5,
2005,4,6,
2005,4,7,
2005,4,8,
2005,4,9,
2005,4,10,
2005,4,11,
2005,4,12,
2005,4,13,
2005,4,14,
2005,4,15,
2005,4,16,
2005,4,17,
2005,4,18,
2005,4,19,
2005,4,20,
2005,4,21,
2005,4,22,
2005,4,23,
2005,4,24,
2005,4,25,
2005,4,26,
2005,4,27,
2005,4,28,
2005,4,29,
2005,4,30,
2005,5,1,
2005,5,2,
2005,5,3,
2005,5,4,
2005,5,5,
2005,5,6,
2005,5,7,
2005,5,8,
2005,5,9,
2005,5,10,
2005,5,11,
2005,5,12,
2005,5,13,
2005,5,14,
2005,5,15,
2005,5,16,
2005,5,17,
2005,5,18,
2005,5,19,
2005,5,20,
2005,5,21,
2005,5,22,
2005,5,23,
2005,5,24,
2005,5,25,
2005,5,26,
2005,5,27,
2005,5,28,
2005,5,29,
2005,5,30,
2005,5,31,
2005,6,1,
2005,6,2,
2005,6,3,
2005,6,4,
2005,6,5,
2005,6,6,
2005,6,7,
2005,6,8,
2005,6,9,
2005,6,10,
2005,6,11,
2005,6,12,
2005,6,13,
2005,6,14,
2005,6,15,
2005,6,16,
2005,6,17,
2005,6,18,
2005,6,19,
2005,6,20,
2005,6,21,
2005,6,22,
2005,6,23,
2005,6,24,
2005,6,25,
2005,6,26,
2005,6,27,
2005,6,28,
2005,6,29,
2005,6,30,
2005,7,1,
2005,7,2,
2005,7,3,
2005,7,4,
2005,7,5,
2005,7,6,
2005,7,7,
2005,7,8,
2005,7,9,
2005,7,10,
2005,7,11,
2005,7,12,
2005,7,13,
2005,7,14,
2005,7,15,
2005,7,16,
2005,7,17,
2005,7,18,
2005,7,19,
2005,7,20,
2005,7,21,
2005,7,22,
2005,7,23,
2005,7,24,
2005,7,25,
2005,7,26,
2005,7,27,
2005,7,28,
2005,7,29,
2005,7,30,
2005,7,31,
2005,8,1,
2005,8,2,
2005,8,3,
2005,8,4,
2005,8,5,
2005,8,6,
2005,8,7,
2005,8,8,
2005,8,9,
2005,8,10,
2005,8,11,
2005,8,12,
2005,8,13,
2005,8,14,
2005,8,15,
2005,8,16,
2005,8,17,
2005,8,18,
2005,8,19,
2005,8,20,
2005,8,21,
2005,8,22,
2005,8,23,
2005,8,24,
2005,8,25,
2005,8,26,
2005,8,27,
2005,8,28,
2005,8,29,
2005,8,30,
2005,8,31,
2005,9,1,
2005,9,2,
2005,9,3,
2005,9,4,
2005,9,5,
2005,9,6,
2005,9,7,
2005,9,8,
2005,9,9,
2005,9,10,
2005,9,11,
2005,9,12,
2005,9,13,
2005,9,14,
2005,9,15,
2005,9,16,
2005,9,17,
2005,9,18,
2005,9,19,
2005,9,20,
2005,9,21,
2005,9,22,
2005,9,23,
2005,9,24,
2005,9,25,
2005,9,26,
2005,9,27,
2005,9,28,
2005,9,29,
2005,9,30,
2005,10,1,
2005,10,2,
2005,10,3,
2005,10,4,
2005,10,5,
2005,10,6,
2005,10,7,
2005,10,8,
2005,10,9,
2005,10,10,
2005,10,11,
2005,10,12,
2005,10,13,
2005,10,14,
2005,10,15,
2005,10,16,
2005,10,17,
2005,10,18,
2005,10,19,
2005,10,20,
2005,10,21,
2005,10,22,
2005,10,23,
2005,10,24,
2005,10,25,
2005,10,26,
2005,10,27,
2005,10,28,
2005,10,29,
2005,10,30,
2005,10,31,
2005,11,1,
2005,11,2,
2005,11,3,
2005,11,4,
2005,11,5,
2005,11,6,
2005,11,7,
2005,11,8,
2005,11,9,
2005,11,10,
2005,11,11,
2005,11,12,
2005,11,13,
2005,11,14,
2005,11,15,
2005,11,16,
2005,11,17,
2005,11,18,
2005,11,19,
2005,11,20,
2005,11,21,
2005,11,22,
2005,11,23,
2005,11,24,
2005,11,25,
2005,11,26,
2005,11,27,
2005,11,28,
2005,11,29,
2005,11,30,
2005,12,1,
2005,12,2,
2005,12,3,
2005,12,4,
2005,12,5,
2005,12,6,
2005,12,7,
2005,12,8,
2005,12,9,
2005,12,10,
2005,12,11,
2005,12,12,
2005,12,13,
2005,12,14,
2005,12,15,
2005,12,16,
2005,12,17,
2005,12,18,
2005,12,19,
2005,12,20,
2005,12,21,
2005,12,22,
2005,12,23,
2005,12,24,
2005,12,25,
2005,12,26,
2005,12,27,
2005,12,28,
2005,12,29,
2005,12,30,
2005,12,31,
2006,1,1,
2006,1,2,
2006,1,3,
2006,1,4,
2006,1,5,
2006,1,6,
2006,1,7,
2006,1,8,
2006,1,9,
2006,1,10,
2006,1,11,
2006,1,12,
2006,1,13,
2006,1,14,
2006,1,15,
2006,1,16,
2006,1,17,
2006,1,18,
2006,1,19,
2006,1,20,
2006,1,21,
2006,1,22,
2006,1,23,
2006,1,24,
2006,1,25,
2006,1,26,
2006,1,27,
2006,1,28,
2006,1,29,
2006,1,30,
2006,1,31,
2006,2,1,
2006,2,2,
2006,2,3,
2006,2,4,
2006,2,5,
2006,2,6,
2006,2,7,
2006,2,8,
2006,2,9,
2006,2,10,
2006,2,11,
2006,2,12,
2006,2,13,
2006,2,14,
2006,2,15,
2006,2,16,
2006,2,17,
2006,2,18,
2006,2,19,
2006,2,20,
2006,2,21,
2006,2,22,
2006,2,23,
2006,2,24,
2006,2,25,
2006,2,26,
2006,2,27,
2006,2,28,
2006,3,1,
2006,3,2,
2006,3,3,
2006,3,4,
2006,3,5,
2006,3,6,
2006,3,7,
2006,3,8,
2006,3,9,
2006,3,10,
2006,3,11,
2006,3,12,
2006,3,13,
2006,3,14,
2006,3,15,
2006,3,16,
2006,3,17,
2006,3,18,
2006,3,19,
2006,3,20,
2006,3,21,
2006,3,22,
2006,3,23,
2006,3,24,
2006,3,25,
2006,3,26,
2006,3,27,
2006,3,28,
2006,3,29,
2006,3,30,
2006,3,31,
2006,4,1,
2006,4,2,
2006,4,3,
2006,4,4,
2006,4,5,
2006,4,6,
2006,4,7,
2006,4,8,
2006,4,9,
2006,4,10,
2006,4,11,
2006,4,12,
2006,4,13,
2006,4,14,
2006,4,15,
2006,4,16,
2006,4,17,
2006,4,18,
2006,4,19,
2006,4,20,
2006,4,21,
2006,4,22,
2006,4,23,
2006,4,24,
2006,4,25,
2006,4,26,
2006,4,27,
2006,4,28,
2006,4,29,
2006,4,30,
2006,5,1,
2006,5,2,
2006,5,3,
2006,5,4,
2006,5,5,
2006,5,6,
2006,5,7,
2006,5,8,
2006,5,9,
2006,5,10,
2006,5,11,
2006,5,12,
2006,5,13,
2006,5,14,
2006,5,15,
2006,5,16,
2006,5,17,
2006,5,18,
2006,5,19,
2006,5,20,
2006,5,21,
2006,5,22,
2006,5,23,
2006,5,24,
2006,5,25,
2006,5,26,
2006,5,27,
2006,5,28,
2006,5,29,
2006,5,30,
2006,5,31,
2006,6,1,
2006,6,2,
2006,6,3,
2006,6,4,
2006,6,5,
2006,6,6,
2006,6,7,
2006,6,8,
2006,6,9,
2006,6,10,
2006,6,11,
2006,6,12,
2006,6,13,
2006,6,14,
2006,6,15,
2006,6,16,
2006,6,17,
2006,6,18,
2006,6,19,
2006,6,20,
2006,6,21,
2006,6,22,
2006,6,23,
2006,6,24,
2006,6,25,
2006,6,26,
2006,6,27,
2006,6,28,
2006,6,29,
2006,6,30,
2006,7,1,
2006,7,2,
2006,7,3,
2006,7,4,
2006,7,5,
2006,7,6,
2006,7,7,
2006,7,8,
2006,7,9,
2006,7,10,
2006,7,11,
2006,7,12,
2006,7,13,
2006,7,14,
2006,7,15,
2006,7,16,
2006,7,17,
2006,7,18,
2006,7,19,
2006,7,20,
2006,7,21,
2006,7,22,
2006,7,23,
2006,7,24,
2006,7,25,
2006,7,26,
2006,7,27,
2006,7,28,
2006,7,29,
2006,7,30,
2006,7,31,
2006,8,1,
2006,8,2,
2006,8,3,
2006,8,4,
2006,8,5,
2006,8,6,
2006,8,7,
2006,8,8,
2006,8,9,
2006,8,10,
2006,8,11,
2006,8,12,
2006,8,13,
2006,8,14,
2006,8,15,
2006,8,16,
2006,8,17,
2006,8,18,
2006,8,19,
2006,8,20,
2006,8,21,
2006,8,22,
2006,8,23,
2006,8,24,
2006,8,25,
2006,8,26,
2006,8,27,
2006,8,28,
2006,8,29,
2006,8,30,
2006,8,31,
2006,9,1,
2006,9,2,
2006,9,3,
2006,9,4,
2006,9,5,
2006,9,6,
2006,9,7,
2006,9,8,
2006,9,9,
2006,9,10,
2006,9,11,
2006,9,12,
2006,9,13,
2006,9,14,
2006,9,15,
2006,9,16,
2006,9,17,
2006,9,18,
2006,9,19,
2006,9,20,
2006,9,21,
2006,9,22,
2006,9,23,
2006,9,24,
2006,9,25,
2006,9,26,
2006,9,27,
2006,9,28,
2006,9,29,
2006,9,30,
2006,10,1,
2006,10,2,
2006,10,3,
2006,10,4,
2006,10,5,
2006,10,6,
2006,10,7,
2006,10,8,
2006,10,9,
2006,10,10,
2006,10,11,
2006,10,12,
2006,10,13,
2006,10,14,
2006,10,15,
2006,10,16,
2006,10,17,
2006,10,18,
2006,10,19,
2006,10,20,
2006,10,21,
2006,10,22,
2006,10,23,
2006,10,24,
2006,10,25,
2006,10,26,
2006,10,27,
2006,10,28,
2006,10,29,
2006,10,30,
2006,10,31,
2006,11,1,
2006,11,2,
2006,11,3,
2006,11,4,
2006,11,5,
2006,11,6,
2006,11,7,
2006,11,8,
2006,11,9,
2006,11,10,
2006,11,11,
2006,11,12,
2006,11,13,
2006,11,14,
2006,11,15,
2006,11,16,
2006,11,17,
2006,11,18,
2006,11,19,
2006,11,20,
2006,11,21,
2006,11,22,
2006,11,23,
2006,11,24,
2006,11,25,
2006,11,26,
2006,11,27,
2006,11,28,
2006,11,29,
2006,11,30,
2006,12,1,
2006,12,2,
2006,12,3,
2006,12,4,
2006,12,5,
2006,12,6,
2006,12,7,
2006,12,8,
2006,12,9,
2006,12,10,
2006,12,11,
2006,12,12,
2006,12,13,
2006,12,14,
2006,12,15,
2006,12,16,
2006,12,17,
2006,12,18,
2006,12,19,
2006,12,20,
2006,12,21,
2006,12,22,
2006,12,23,
2006,12,24,
2006,12,25,
2006,12,26,
2006,12,27,
2006,12,28,
2006,12,29,
2006,12,30,
2006,12,31,
2007,1,1,
2007,1,2,
2007,1,3,
2007,1,4,
2007,1,5,
2007,1,6,
2007,1,7,
2007,1,8,
2007,1,9,
2007,1,10,
2007,1,11,
2007,1,12,
2007,1,13,
2007,1,14,
2007,1,15,
2007,1,16,
2007,1,17,
2007,1,18,
2007,1,19,
2007,1,20,
2007,1,21,
2007,1,22,
2007,1,23,
2007,1,24,
2007,1,25,
2007,1,26,
2007,1,27,
2007,1,28,
2007,1,29,
2007,1,30,
2007,1,31,
2007,2,1,
2007,2,2,
2007,2,3,
2007,2,4,
2007,2,5,
2007,2,6,
2007,2,7,
2007,2,8,
2007,2,9,
2007,2,10,
2007,2,11,
2007,2,12,
2007,2,13,
2007,2,14,
2007,2,15,
2007,2,16,
2007,2,17,
2007,2,18,
2007,2,19,
2007,2,20,
2007,2,21,
2007,2,22,
2007,2,23,
2007,2,24,
2007,2,25,
2007,2,26,
2007,2,27,
2007,2,28,
2007,3,1,
2007,3,2,
2007,3,3,
2007,3,4,
2007,3,5,
2007,3,6,
2007,3,7,
2007,3,8,
2007,3,9,
2007,3,10,
2007,3,11,
2007,3,12,
2007,3,13,
2007,3,14,
2007,3,15,
2007,3,16,
2007,3,17,
2007,3,18,
2007,3,19,
2007,3,20,
2007,3,21,
2007,3,22,
2007,3,23,
2007,3,24,
2007,3,25,
2007,3,26,
2007,3,27,
2007,3,28,
2007,3,29,
2007,3,30,
2007,3,31,
2007,4,1,
2007,4,2,
2007,4,3,
2007,4,4,
2007,4,5,
2007,4,6,
2007,4,7,
2007,4,8,
2007,4,9,
2007,4,10,
2007,4,11,
2007,4,12,
2007,4,13,
2007,4,14,
2007,4,15,
2007,4,16,
2007,4,17,
2007,4,18,
2007,4,19,
2007,4,20,
2007,4,21,
2007,4,22,
2007,4,23,
2007,4,24,
2007,4,25,
2007,4,26,
2007,4,27,
2007,4,28,
2007,4,29,
2007,4,30,
2007,5,1,
2007,5,2,
2007,5,3,
2007,5,4,
2007,5,5,
2007,5,6,
2007,5,7,
2007,5,8,
2007,5,9,
2007,5,10,
2007,5,11,
2007,5,12,
2007,5,13,
2007,5,14,
2007,5,15,
2007,5,16,
2007,5,17,
2007,5,18,
2007,5,19,
2007,5,20,
2007,5,21,
2007,5,22,
2007,5,23,
2007,5,24,
2007,5,25,
2007,5,26,
2007,5,27,
2007,5,28,
2007,5,29,
2007,5,30,
2007,5,31,
2007,6,1,
2007,6,2,
2007,6,3,
2007,6,4,
2007,6,5,
2007,6,6,
2007,6,7,
2007,6,8,
2007,6,9,
2007,6,10,
2007,6,11,
2007,6,12,
2007,6,13,
2007,6,14,
2007,6,15,
2007,6,16,
2007,6,17,
2007,6,18,
2007,6,19,
2007,6,20,
2007,6,21,
2007,6,22,
2007,6,23,
2007,6,24,
2007,6,25,
2007,6,26,
2007,6,27,
2007,6,28,
2007,6,29,
2007,6,30,
2007,7,1,
2007,7,2,
2007,7,3,
2007,7,4,
2007,7,5,
2007,7,6,
2007,7,7,
2007,7,8,
2007,7,9,
2007,7,10,
2007,7,11,
2007,7,12,
2007,7,13,
2007,7,14,
2007,7,15,
2007,7,16,
2007,7,17,
2007,7,18,
2007,7,19,
2007,7,20,
2007,7,21,
2007,7,22,
2007,7,23,
2007,7,24,
2007,7,25,
2007,7,26,
2007,7,27,
2007,7,28,
2007,7,29,
2007,7,30,
2007,7,31,
2007,8,1,
2007,8,2,
2007,8,3,
2007,8,4,
2007,8,5,
2007,8,6,
2007,8,7,
2007,8,8,
2007,8,9,
2007,8,10,
2007,8,11,
2007,8,12,
2007,8,13,
2007,8,14,
2007,8,15,
2007,8,16,
2007,8,17,
2007,8,18,
2007,8,19,
2007,8,20,
2007,8,21,
2007,8,22,
2007,8,23,
2007,8,24,
2007,8,25,
2007,8,26,
2007,8,27,
2007,8,28,
2007,8,29,
2007,8,30,
2007,8,31,
2007,9,1,
2007,9,2,
2007,9,3,
2007,9,4,
2007,9,5,
2007,9,6,
2007,9,7,
2007,9,8,
2007,9,9,
2007,9,10,
2007,9,11,
2007,9,12,
2007,9,13,
2007,9,14,
2007,9,15,
2007,9,16,
2007,9,17,
2007,9,18,
2007,9,19,
2007,9,20,
2007,9,21,
2007,9,22,
2007,9,23,
2007,9,24,
2007,9,25,
2007,9,26,
2007,9,27,
2007,9,28,
2007,9,29,
2007,9,30,
2007,10,1,
2007,10,2,
2007,10,3,
2007,10,4,
2007,10,5,
2007,10,6,
2007,10,7,
2007,10,8,
2007,10,9,
2007,10,10,
2007,10,11,
2007,10,12,
2007,10,13,
2007,10,14,
2007,10,15,
2007,10,16,
2007,10,17,
2007,10,18,
2007,10,19,
2007,10,20,
2007,10,21,
2007,10,22,
2007,10,23,
2007,10,24,
2007,10,25,
2007,10,26,
2007,10,27,
2007,10,28,
2007,10,29,
2007,10,30,
2007,10,31,
2007,11,1,
2007,11,2,
2007,11,3,
2007,11,4,
2007,11,5,
2007,11,6,
2007,11,7,
2007,11,8,
2007,11,9,
2007,11,10,
2007,11,11,
2007,11,12,
2007,11,13,
2007,11,14,
2007,11,15,
2007,11,16,
2007,11,17,
2007,11,18,
2007,11,19,
2007,11,20,
2007,11,21,
2007,11,22,
2007,11,23,
2007,11,24,
2007,11,25,
2007,11,26,
2007,11,27,
2007,11,28,
2007,11,29,
2007,11,30,
2007,12,1,
2007,12,2,
2007,12,3,
2007,12,4,
2007,12,5,
2007,12,6,
2007,12,7,
2007,12,8,
2007,12,9,
2007,12,10,
2007,12,11,
2007,12,12,
2007,12,13,
2007,12,14,
2007,12,15,
2007,12,16,
2007,12,17,
2007,12,18,
2007,12,19,
2007,12,20,
2007,12,21,
2007,12,22,
2007,12,23,
2007,12,24,
2007,12,25,
2007,12,26,
2007,12,27,
2007,12,28,
2007,12,29,
2007,12,30,
2007,12,31,
2008,1,1,
2008,1,2,
2008,1,3,
2008,1,4,
2008,1,5,
2008,1,6,
2008,1,7,
2008,1,8,
2008,1,9,
2008,1,10,
2008,1,11,
2008,1,12,
2008,1,13,
2008,1,14,
2008,1,15,
2008,1,16,
2008,1,17,
2008,1,18,
2008,1,19,
2008,1,20,
2008,1,21,
2008,1,22,
2008,1,23,
2008,1,24,
2008,1,25,
2008,1,26,
2008,1,27,
2008,1,28,
2008,1,29,
2008,1,30,
2008,1,31,
2008,2,1,
2008,2,2,
2008,2,3,
2008,2,4,
2008,2,5,
2008,2,6,
2008,2,7,
2008,2,8,
2008,2,9,
2008,2,10,
2008,2,11,
2008,2,12,
2008,2,13,
2008,2,14,
2008,2,15,
2008,2,16,
2008,2,17,
2008,2,18,
2008,2,19,
2008,2,20,
2008,2,21,
2008,2,22,
2008,2,23,
2008,2,24,
2008,2,25,
2008,2,26,
2008,2,27,
2008,2,28,
2008,2,29,
2008,3,1,
2008,3,2,
2008,3,3,
2008,3,4,
2008,3,5,
2008,3,6,
2008,3,7,
2008,3,8,
2008,3,9,
2008,3,10,
2008,3,11,
2008,3,12,
2008,3,13,
2008,3,14,
2008,3,15,
2008,3,16,
2008,3,17,
2008,3,18,
2008,3,19,
2008,3,20,
2008,3,21,
2008,3,22,
2008,3,23,
2008,3,24,
2008,3,25,
2008,3,26,
2008,3,27,
2008,3,28,
2008,3,29,
2008,3,30,
2008,3,31,
2008,4,1,
2008,4,2,
2008,4,3,
2008,4,4,
2008,4,5,
2008,4,6,
2008,4,7,
2008,4,8,
2008,4,9,
2008,4,10,
2008,4,11,
2008,4,12,
2008,4,13,
2008,4,14,
2008,4,15,
2008,4,16,
2008,4,17,
2008,4,18,
2008,4,19,
2008,4,20,
2008,4,21,
2008,4,22,
2008,4,23,
2008,4,24,
2008,4,25,
2008,4,26,
2008,4,27,
2008,4,28,
2008,4,29,
2008,4,30,
2008,5,1,
2008,5,2,
2008,5,3,
2008,5,4,
2008,5,5,
2008,5,6,
2008,5,7,
2008,5,8,
2008,5,9,
2008,5,10,
2008,5,11,
2008,5,12,
2008,5,13,
2008,5,14,
2008,5,15,
2008,5,16,
2008,5,17,
2008,5,18,
2008,5,19,
2008,5,20,
2008,5,21,
2008,5,22,
2008,5,23,
2008,5,24,
2008,5,25,
2008,5,26,
2008,5,27,
2008,5,28,
2008,5,29,
2008,5,30,
2008,5,31,
2008,6,1,
2008,6,2,
2008,6,3,
2008,6,4,
2008,6,5,
2008,6,6,
2008,6,7,
2008,6,8,
2008,6,9,
2008,6,10,
2008,6,11,
2008,6,12,
2008,6,13,
2008,6,14,
2008,6,15,
2008,6,16,
2008,6,17,
2008,6,18,
2008,6,19,
2008,6,20,
2008,6,21,
2008,6,22,
2008,6,23,
2008,6,24,
2008,6,25,
2008,6,26,
2008,6,27,
2008,6,28,
2008,6,29,
2008,6,30,
2008,7,1,
2008,7,2,
2008,7,3,
2008,7,4,
2008,7,5,
2008,7,6,
2008,7,7,
2008,7,8,
2008,7,9,
2008,7,10,
2008,7,11,
2008,7,12,
2008,7,13,
2008,7,14,
2008,7,15,
2008,7,16,
2008,7,17,
2008,7,18,
2008,7,19,
2008,7,20,
2008,7,21,
2008,7,22,
2008,7,23,
2008,7,24,
2008,7,25,
2008,7,26,
2008,7,27,
2008,7,28,
2008,7,29,
2008,7,30,
2008,7,31,
2008,8,1,
2008,8,2,
2008,8,3,
2008,8,4,
2008,8,5,
2008,8,6,
2008,8,7,
2008,8,8,
2008,8,9,
2008,8,10,
2008,8,11,
2008,8,12,
2008,8,13,
2008,8,14,
2008,8,15,
2008,8,16,
2008,8,17,
2008,8,18,
2008,8,19,
2008,8,20,
2008,8,21,
2008,8,22,
2008,8,23,
2008,8,24,
2008,8,25,
2008,8,26,
2008,8,27,
2008,8,28,
2008,8,29,
2008,8,30,
2008,8,31,
2008,9,1,
2008,9,2,
2008,9,3,
2008,9,4,
2008,9,5,
2008,9,6,
2008,9,7,
2008,9,8,
2008,9,9,
2008,9,10,
2008,9,11,
2008,9,12,
2008,9,13,
2008,9,14,
2008,9,15,
2008,9,16,
2008,9,17,
2008,9,18,
2008,9,19,
2008,9,20,
2008,9,21,
2008,9,22,
2008,9,23,
2008,9,24,
2008,9,25,
2008,9,26,
2008,9,27,
2008,9,28,
2008,9,29,
2008,9,30,
2008,10,1,
2008,10,2,
2008,10,3,
2008,10,4,
2008,10,5,
2008,10,6,
2008,10,7,
2008,10,8,
2008,10,9,
2008,10,10,
2008,10,11,
2008,10,12,
2008,10,13,
2008,10,14,
2008,10,15,
2008,10,16,
2008,10,17,
2008,10,18,
2008,10,19,
2008,10,20,
2008,10,21,
2008,10,22,
2008,10,23,
2008,10,24,
2008,10,25,
2008,10,26,
2008,10,27,
2008,10,28,
2008,10,29,
2008,10,30,
2008,10,31,
2008,11,1,
2008,11,2,
2008,11,3,
2008,11,4,
2008,11,5,
2008,11,6,
2008,11,7,
2008,11,8,
2008,11,9,
2008,11,10,
2008,11,11,
2008,11,12,
2008,11,13,
2008,11,14,
2008,11,15,
2008,11,16,
2008,11,17,
2008,11,18,
2008,11,19,
2008,11,20,
2008,11,21,
2008,11,22,
2008,11,23,
2008,11,24,
2008,11,25,
2008,11,26,
2008,11,27,
2008,11,28,
2008,11,29,
2008,11,30,
2008,12,1,
2008,12,2,
2008,12,3,
2008,12,4,
2008,12,5,
2008,12,6,
2008,12,7,
2008,12,8,
2008,12,9,
2008,12,10,
2008,12,11,
2008,12,12,
2008,12,13,
2008,12,14,
2008,12,15,
2008,12,16,
2008,12,17,
2008,12,18,
2008,12,19,
2008,12,20,
2008,12,21,
2008,12,22,
2008,12,23,
2008,12,24,
2008,12,25,
2008,12,26,
2008,12,27,
2008,12,28,
2008,12,29,
2008,12,30,
2008,12,31,
2009,1,1,
2009,1,2,
2009,1,3,
2009,1,4,
2009,1,5,
2009,1,6,
2009,1,7,
2009,1,8,
2009,1,9,
2009,1,10,
2009,1,11,
2009,1,12,
2009,1,13,
2009,1,14,
2009,1,15,
2009,1,16,
2009,1,17,
2009,1,18,
2009,1,19,
2009,1,20,
2009,1,21,
2009,1,22,
2009,1,23,
2009,1,24,
2009,1,25,
2009,1,26,
2009,1,27,
2009,1,28,
2009,1,29,
2009,1,30,
2009,1,31,
2009,2,1,
2009,2,2,
2009,2,3,
2009,2,4,
2009,2,5,
2009,2,6,
2009,2,7,
2009,2,8,
2009,2,9,
2009,2,10,
2009,2,11,
2009,2,12,
2009,2,13,
2009,2,14,
2009,2,15,
2009,2,16,
2009,2,17,
2009,2,18,
2009,2,19,
2009,2,20,
2009,2,21,
2009,2,22,
2009,2,23,
2009,2,24,
2009,2,25,
2009,2,26,
2009,2,27,
2009,2,28,
2009,3,1,
2009,3,2,
2009,3,3,
2009,3,4,
2009,3,5,
2009,3,6,
2009,3,7,
2009,3,8,
2009,3,9,
2009,3,10,
2009,3,11,
2009,3,12,
2009,3,13,
2009,3,14,
2009,3,15,
2009,3,16,
2009,3,17,
2009,3,18,
2009,3,19,
2009,3,20,
2009,3,21,
2009,3,22,
2009,3,23,
2009,3,24,
2009,3,25,
2009,3,26,
2009,3,27,
2009,3,28,
2009,3,29,
2009,3,30,
2009,3,31,
2009,4,1,
2009,4,2,
2009,4,3,
2009,4,4,
2009,4,5,
2009,4,6,
2009,4,7,
2009,4,8,
2009,4,9,
2009,4,10,
2009,4,11,
2009,4,12,
2009,4,13,
2009,4,14,
2009,4,15,
2009,4,16,
2009,4,17,
2009,4,18,
2009,4,19,
2009,4,20,
2009,4,21,
2009,4,22,
2009,4,23,
2009,4,24,
2009,4,25,
2009,4,26,
2009,4,27,
2009,4,28,
2009,4,29,
2009,4,30,
2009,5,1,
2009,5,2,
2009,5,3,
2009,5,4,
2009,5,5,
2009,5,6,
2009,5,7,
2009,5,8,
2009,5,9,
2009,5,10,
2009,5,11,
2009,5,12,
2009,5,13,
2009,5,14,
2009,5,15,
2009,5,16,
2009,5,17,
2009,5,18,
2009,5,19,
2009,5,20,
2009,5,21,
2009,5,22,
2009,5,23,
2009,5,24,
2009,5,25,
2009,5,26,
2009,5,27,
2009,5,28,
2009,5,29,
2009,5,30,
2009,5,31,
2009,6,1,
2009,6,2,
2009,6,3,
2009,6,4,
2009,6,5,
2009,6,6,
2009,6,7,
2009,6,8,
2009,6,9,
2009,6,10,
2009,6,11,
2009,6,12,
2009,6,13,
2009,6,14,
2009,6,15,
2009,6,16,
2009,6,17,
2009,6,18,
2009,6,19,
2009,6,20,
2009,6,21,
2009,6,22,
2009,6,23,
2009,6,24,
2009,6,25,
2009,6,26,
2009,6,27,
2009,6,28,
2009,6,29,
2009,6,30,
2009,7,1,
2009,7,2,
2009,7,3,
2009,7,4,
2009,7,5,
2009,7,6,
2009,7,7,
2009,7,8,
2009,7,9,
2009,7,10,
2009,7,11,
2009,7,12,
2009,7,13,
2009,7,14,
2009,7,15,
2009,7,16,
2009,7,17,
2009,7,18,
2009,7,19,
2009,7,20,
2009,7,21,
2009,7,22,
2009,7,23,
2009,7,24,
2009,7,25,
2009,7,26,
2009,7,27,
2009,7,28,
2009,7,29,
2009,7,30,
2009,7,31,
2009,8,1,
2009,8,2,
2009,8,3,
2009,8,4,
2009,8,5,
2009,8,6,
2009,8,7,
2009,8,8,
2009,8,9,
2009,8,10,
2009,8,11,
2009,8,12,
2009,8,13,
2009,8,14,
2009,8,15,
2009,8,16,
2009,8,17,
2009,8,18,
2009,8,19,
2009,8,20,
2009,8,21,
2009,8,22,
2009,8,23,
2009,8,24,
2009,8,25,
2009,8,26,
2009,8,27,
2009,8,28,
2009,8,29,
2009,8,30,
2009,8,31,
2009,9,1,
2009,9,2,
2009,9,3,
2009,9,4,
2009,9,5,
2009,9,6,
2009,9,7,
2009,9,8,
2009,9,9,
2009,9,10,
2009,9,11,
2009,9,12,
2009,9,13,
2009,9,14,
2009,9,15,
2009,9,16,
2009,9,17,
2009,9,18,
2009,9,19,
2009,9,20,
2009,9,21,
2009,9,22,
2009,9,23,
2009,9,24,
2009,9,25,
2009,9,26,
2009,9,27,
2009,9,28,
2009,9,29,
2009,9,30,
2009,10,1,
2009,10,2,
2009,10,3,
2009,10,4,
2009,10,5,
2009,10,6,
2009,10,7,
2009,10,8,
2009,10,9,
2009,10,10,
2009,10,11,
2009,10,12,
2009,10,13,
2009,10,14,
2009,10,15,
2009,10,16,
2009,10,17,
2009,10,18,
2009,10,19,
2009,10,20,
2009,10,21,
2009,10,22,
2009,10,23,
2009,10,24,
2009,10,25,
2009,10,26,
2009,10,27,
2009,10,28,
2009,10,29,
2009,10,30,
2009,10,31,
2009,11,1,
2009,11,2,
2009,11,3,
2009,11,4,
2009,11,5,
2009,11,6,
2009,11,7,
2009,11,8,
2009,11,9,
2009,11,10,
2009,11,11,
2009,11,12,
2009,11,13,
2009,11,14,
2009,11,15,
2009,11,16,
2009,11,17,
2009,11,18,
2009,11,19,
2009,11,20,
2009,11,21,
2009,11,22,
2009,11,23,
2009,11,24,
2009,11,25,
2009,11,26,
2009,11,27,
2009,11,28,
2009,11,29,
2009,11,30,
2009,12,1,
2009,12,2,
2009,12,3,
2009,12,4,
2009,12,5,
2009,12,6,
2009,12,7,
2009,12,8,
2009,12,9,
2009,12,10,
2009,12,11,
2009,12,12,
2009,12,13,
2009,12,14,
2009,12,15,
2009,12,16,
2009,12,17,
2009,12,18,
2009,12,19,
2009,12,20,
2009,12,21,
2009,12,22,
2009,12,23,
2009,12,24,
2009,12,25,
2009,12,26,
2009,12,27,
2009,12,28,
2009,12,29,
2009,12,30,
2009,12,31,
2010,1,1,
2010,1,2,
2010,1,3,
2010,1,4,
2010,1,5,
2010,1,6,
2010,1,7,
2010,1,8,
2010,1,9,
2010,1,10,
2010,1,11,
2010,1,12,
2010,1,13,
2010,1,14,
2010,1,15,
2010,1,16,
2010,1,17,
2010,1,18,
2010,1,19,
2010,1,20,
2010,1,21,
2010,1,22,
2010,1,23,
2010,1,24,
2010,1,25,
2010,1,26,
2010,1,27,
2010,1,28,
2010,1,29,
2010,1,30,
2010,1,31,
2010,2,1,
2010,2,2,
2010,2,3,
2010,2,4,
2010,2,5,
2010,2,6,
2010,2,7,
2010,2,8,
2010,2,9,
2010,2,10,
2010,2,11,
2010,2,12,
2010,2,13,
2010,2,14,
2010,2,15,
2010,2,16,
2010,2,17,
2010,2,18,
2010,2,19,
2010,2,20,
2010,2,21,
2010,2,22,
2010,2,23,
2010,2,24,
2010,2,25,
2010,2,26,
2010,2,27,
2010,2,28,
2010,3,1,
2010,3,2,
2010,3,3,
2010,3,4,
2010,3,5,28.7
2010,3,6,29.0
2010,3,7,29.1
2010,3,8,29.6
2010,3,9,29.3
2010,3,10,27.9
2010,3,11,28.6
2010,3,12,28.9
2010,3,13,28.4
2010,3,14,28.2
2010,3,15,28.1
2010,3,16,27.9
2010,3,17,29.3
2010,3,18,27.2
2010,3,19,26.7
2010,3,20,25.4
2010,3,21,27.2
2010,3,22,28.1
2010,3,23,27.6
2010,3,24,28.9
2010,3,25,28.0
2010,3,26,28.1
2010,3,27,29.3
2010,3,28,29.0
2010,3,29,28.2
2010,3,30,27.8
2010,3,31,
2010,4,1,28.6
2010,4,2,28.7
2010,4,3,27.3
2010,4,4,26.0
2010,4,5,27.8
2010,4,6,
2010,4,7,29.3
2010,4,8,29.4
2010,4,9,29.1
2010,4,10,
2010,4,11,29.4
2010,4,12,29.7
2010,4,13,28.7
2010,4,14,29.0
2010,4,15,29.3
2010,4,16,28.0
2010,4,17,29.0
2010,4,18,28.9
2010,4,19,28.4
2010,4,20,28.7
2010,4,21,28.8
2010,4,22,28.4
2010,4,23,28.6
2010,4,24,28.1
2010,4,25,29.3
2010,4,26,27.4
2010,4,27,28.9
2010,4,28,29.0
2010,4,29,29.1
2010,4,30,29.8
2010,5,1,30.0
2010,5,2,29.7
2010,5,3,29.5
2010,5,4,29.9
2010,5,5,30.2
2010,5,6,30.0
2010,5,7,30.4
2010,5,8,29.7
2010,5,9,28.4
2010,5,10,29.3
2010,5,11,28.8
2010,5,12,29.9
2010,5,13,28.3
2010,5,14,29.5
2010,5,15,29.0
2010,5,16,29.5
2010,5,17,27.9
2010,5,18,28.8
2010,5,19,27.4
2010,5,20,29.5
2010,5,21,29.0
2010,5,22,28.1
2010,5,23,29.3
2010,5,24,30.0
2010,5,25,30.3
2010,5,26,30.6
2010,5,27,29.6
2010,5,28,29.5
2010,5,29,29.6
2010,5,30,29.0
2010,5,31,28.2
2010,6,1,29.5
2010,6,2,28.5
2010,6,3,29.8
2010,6,4,29.6
2010,6,5,28.3
2010,6,6,29.8
2010,6,7,28.5
2010,6,8,26.9
2010,6,9,28.2
2010,6,10,27.9
2010,6,11,29.3
2010,6,12,29.6
2010,6,13,28.6
2010,6,14,29.0
2010,6,15,27.9
2010,6,16,26.2
2010,6,17,28.4
2010,6,18,28.8
2010,6,19,28.7
2010,6,20,29.2
2010,6,21,29.7
2010,6,22,28.2
2010,6,23,26.8
2010,6,24,
2010,6,25,26.8
2010,6,26,28.8
2010,6,27,27.4
2010,6,28,28.5
2010,6,29,28.6
2010,6,30,29.2
2010,7,1,27.3
2010,7,2,26.3
2010,7,3,26.4
2010,7,4,27.8
2010,7,5,28.8
2010,7,6,29.3
2010,7,7,29.0
2010,7,8,27.6
2010,7,9,28.1
2010,7,10,28.0
2010,7,11,28.7
2010,7,12,28.3
2010,7,13,29.2
2010,7,14,28.9
2010,7,15,29.2
2010,7,16,27.7
2010,7,17,26.9
2010,7,18,26.9
2010,7,19,28.0
2010,7,20,27.2
2010,7,21,28.0
2010,7,22,26.1
2010,7,23,28.1
2010,7,24,27.5
2010,7,25,28.7
2010,7,26,25.9
2010,7,27,28.4
2010,7,28,26.9
2010,7,29,28.7
2010,7,30,26.1
2010,7,31,28.2
2010,8,1,25.6
2010,8,2,28.2
2010,8,3,28.3
2010,8,4,27.0
2010,8,5,28.1
2010,8,6,28.9
2010,8,7,27.6
2010,8,8,28.5
2010,8,9,28.9
2010,8,10,28.8
2010,8,11,27.3
2010,8,12,28.2
2010,8,13,28.6
2010,8,14,27.3
2010,8,15,27.0
2010,8,16,27.2
2010,8,17,27.8
2010,8,18,27.1
2010,8,19,27.4
2010,8,20,25.6
2010,8,21,27.5
2010,8,22,28.7
2010,8,23,27.7
2010,8,24,28.8
2010,8,25,28.5
2010,8,26,28.8
2010,8,27,28.2
2010,8,28,28.4
2010,8,29,27.1
2010,8,30,27.2
2010,8,31,28.0
2010,9,1,28.7
2010,9,2,28.7
2010,9,3,28.8
2010,9,4,29.0
2010,9,5,26.5
2010,9,6,27.4
2010,9,7,28.0
2010,9,8,26.4
2010,9,9,28.4
2010,9,10,27.3
2010,9,11,28.4
2010,9,12,28.8
2010,9,13,29.3
2010,9,14,29.2
2010,9,15,27.6
2010,9,16,28.0
2010,9,17,26.6
2010,9,18,28.4
2010,9,19,28.7
2010,9,20,28.0
2010,9,21,28.5
2010,9,22,27.5
2010,9,23,27.5
2010,9,24,27.6
2010,9,25,27.2
2010,9,26,28.4
2010,9,27,26.9
2010,9,28,27.8
2010,9,29,28.6
2010,9,30,27.5
2010,10,1,28.4
2010,10,2,28.8
2010,10,3,28.0
2010,10,4,27.9
2010,10,5,28.6
2010,10,6,28.6
2010,10,7,27.8
2010,10,8,29.0
2010,10,9,29.8
2010,10,10,29.9
2010,10,11,30.0
2010,10,12,28.8
2010,10,13,27.6
2010,10,14,29.4
2010,10,15,30.3
2010,10,16,29.9
2010,10,17,28.8
2010,10,18,29.7
2010,10,19,29.3
2010,10,20,29.3
2010,10,21,28.8
2010,10,22,28.9
2010,10,23,28.2
2010,10,24,27.2
2010,10,25,27.5
2010,10,26,28.2
2010,10,27,27.0
2010,10,28,28.9
2010,10,29,28.1
2010,10,30,27.0
2010,10,31,28.1
2010,11,1,28.8
2010,11,2,28.2
2010,11,3,29.6
2010,11,4,28.3
2010,11,5,27.6
2010,11,6,28.0
2010,11,7,26.7
2010,11,8,27.5
2010,11,9,26.6
2010,11,10,28.8
2010,11,11,26.9
2010,11,12,27.7
2010,11,13,28.3
2010,11,14,26.0
2010,11,15,27.2
2010,11,16,26.8
2010,11,17,26.6
2010,11,18,27.9
2010,11,19,28.6
2010,11,20,27.4
2010,11,21,28.6
2010,11,22,28.8
2010,11,23,29.0
2010,11,24,27.6
2010,11,25,26.8
2010,11,26,27.4
2010,11,27,28.3
2010,11,28,28.3
2010,11,29,26.8
2010,11,30,27.5
2010,12,1,27.2
2010,12,2,27.4
2010,12,3,26.9
2010,12,4,26.1
2010,12,5,27.8
2010,12,6,28.3
2010,12,7,28.4
2010,12,8,27.5
2010,12,9,27.3
2010,12,10,27.3
2010,12,11,27.7
2010,12,12,28.7
2010,12,13,27.7
2010,12,14,27.8
2010,12,15,27.8
2010,12,16,26.2
2010,12,17,27.1
2010,12,18,26.2
2010,12,19,27.1
2010,12,20,26.9
2010,12,21,27.3
2010,12,22,27.4
2010,12,23,27.2
2010,12,24,27.2
2010,12,25,26.3
2010,12,26,26.8
2010,12,27,26.8
2010,12,28,25.6
2010,12,29,26.2
2010,12,30,25.8
2010,12,31,26.6
2011,1,1,26.5
2011,1,2,27.4
2011,1,3,26.3
2011,1,4,27.0
2011,1,5,27.3
2011,1,6,25.6
2011,1,7,25.5
2011,1,8,26.2
2011,1,9,26.7
2011,1,10,25.0
2011,1,11,25.3
2011,1,12,26.1
2011,1,13,26.9
2011,1,14,25.9
2011,1,15,26.2
2011,1,16,26.8
2011,1,17,25.9
2011,1,18,26.6
2011,1,19,27.1
2011,1,20,26.9
2011,1,21,26.8
2011,1,22,27.4
2011,1,23,27.3
2011,1,24,27.8
2011,1,25,25.9
2011,1,26,25.3
2011,1,27,27.0
2011,1,28,26.3
2011,1,29,25.6
2011,1,30,23.8
2011,1,31,23.9
2011,2,1,25.6
2011,2,2,26.5
2011,2,3,26.6
2011,2,4,26.2
2011,2,5,26.8
2011,2,6,27.2
2011,2,7,27.0
2011,2,8,27.0
2011,2,9,26.8
2011,2,10,27.3
2011,2,11,27.0
2011,2,12,27.2
2011,2,13,27.8
2011,2,14,27.9
2011,2,15,26.7
2011,2,16,27.6
2011,2,17,28.5
2011,2,18,27.7
2011,2,19,27.2
2011,2,20,27.5
2011,2,21,28.2
2011,2,22,27.4
2011,2,23,26.9
2011,2,24,27.1
2011,2,25,26.9
2011,2,26,27.0
2011,2,27,27.7
2011,2,28,27.4
2011,3,1,27.2
2011,3,2,27.5
2011,3,3,27.2
2011,3,4,26.5
2011,3,5,27.6
2011,3,6,27.5
2011,3,7,28.2
2011,3,8,26.8
2011,3,9,26.3
2011,3,10,25.6
2011,3,11,25.4
2011,3,12,27.0
2011,3,13,27.7
2011,3,14,26.5
2011,3,15,26.4
2011,3,16,27.3
2011,3,17,25.7
2011,3,18,27.9
2011,3,19,26.7
2011,3,20,26.9
2011,3,21,27.5
2011,3,22,25.9
2011,3,23,28.2
2011,3,24,28.3
2011,3,25,29.0
2011,3,26,28.8
2011,3,27,28.2
2011,3,28,27.4
2011,3,29,28.6
2011,3,30,29.4
2011,3,31,28.8
2011,4,1,28.7
2011,4,2,28.0
2011,4,3,28.6
2011,4,4,27.7
2011,4,5,27.3
2011,4,6,27.9
2011,4,7,28.7
2011,4,8,28.7
2011,4,9,27.6
2011,4,10,27.2
2011,4,11,26.5
2011,4,12,27.6
2011,4,13,27.2
2011,4,14,26.7
2011,4,15,27.8
2011,4,16,27.4
2011,4,17,28.5
2011,4,18,27.7
2011,4,19,29.2
2011,4,20,26.7
2011,4,21,28.0
2011,4,22,28.4
2011,4,23,28.4
2011,4,24,28.5
2011,4,25,28.8
2011,4,26,28.5
2011,4,27,28.5
2011,4,28,28.5
2011,4,29,28.3
2011,4,30,27.9
2011,5,1,27.4
2011,5,2,26.4
2011,5,3,27.8
2011,5,4,27.6
2011,5,5,28.8
2011,5,6,29.6
2011,5,7,30.1
2011,5,8,30.0
2011,5,9,30.0
2011,5,10,28.9
2011,5,11,29.4
2011,5,12,27.7
2011,5,13,28.6
2011,5,14,28.2
2011,5,15,28.8
2011,5,16,28.7
2011,5,17,29.0
2011,5,18,28.4
2011,5,19,28.5
2011,5,20,28.9
2011,5,21,28.0
2011,5,22,29.0
2011,5,23,29.0
2011,5,24,29.8
2011,5,25,28.2
2011,5,26,29.0
2011,5,27,28.7
2011,5,28,29.1
2011,5,29,28.6
2011,5,30,29.2
2011,5,31,28.3
2011,6,1,28.0
2011,6,2,28.7
2011,6,3,29.3
2011,6,4,28.7
2011,6,5,26.4
2011,6,6,26.9
2011,6,7,29.1
2011,6,8,29.7
2011,6,9,27.5
2011,6,10,29.2
2011,6,11,27.0
2011,6,12,28.5
2011,6,13,28.7
2011,6,14,28.9
2011,6,15,29.5
2011,6,16,27.4
2011,6,17,29.2
2011,6,18,27.4
2011,6,19,28.5
2011,6,20,29.2
2011,6,21,29.7
2011,6,22,29.1
2011,6,23,27.2
2011,6,24,29.0
2011,6,25,28.1
2011,6,26,29.0
2011,6,27,28.5
2011,6,28,28.4
2011,6,29,28.0
2011,6,30,25.6
2011,7,1,28.4
2011,7,2,28.5
2011,7,3,28.3
2011,7,4,28.7
2011,7,5,29.0
2011,7,6,29.0
2011,7,7,29.0
2011,7,8,29.2
2011,7,9,28.7
2011,7,10,27.8
2011,7,11,28.5
2011,7,12,27.3
2011,7,13,29.0
2011,7,14,29.1
2011,7,15,26.4
2011,7,16,26.5
2011,7,17,28.3
2011,7,18,28.8
2011,7,19,28.9
2011,7,20,28.9
2011,7,21,28.8
2011,7,22,27.1
2011,7,23,28.2
2011,7,24,28.6
2011,7,25,27.5
2011,7,26,28.0
2011,7,27,28.0
2011,7,28,28.6
2011,7,29,28.7
2011,7,30,28.8
2011,7,31,28.4
2011,8,1,28.8
2011,8,2,28.9
2011,8,3,27.9
2011,8,4,26.1
2011,8,5,27.7
2011,8,6,28.1
2011,8,7,26.7
2011,8,8,28.1
2011,8,9,28.4
2011,8,10,28.3
2011,8,11,28.6
2011,8,12,28.4
2011,8,13,28.0
2011,8,14,28.4
2011,8,15,25.8
2011,8,16,27.5
2011,8,17,28.0
2011,8,18,28.5
2011,8,19,28.5
2011,8,20,28.1
2011,8,21,28.1
2011,8,22,28.6
2011,8,23,28.1
2011,8,24,28.8
2011,8,25,28.1
2011,8,26,26.5
2011,8,27,26.0
2011,8,28,27.9
2011,8,29,26.6
2011,8,30,27.2
2011,8,31,28.2
2011,9,1,29.0
2011,9,2,28.8
2011,9,3,27.8
2011,9,4,28.3
2011,9,5,28.3
2011,9,6,28.7
2011,9,7,28.4
2011,9,8,28.2
2011,9,9,28.6
2011,9,10,27.0
2011,9,11,27.7
2011,9,12,28.1
2011,9,13,28.0
2011,9,14,28.0
2011,9,15,27.2
2011,9,16,28.2
2011,9,17,28.1
2011,9,18,28.2
2011,9,19,26.6
2011,9,20,26.6
2011,9,21,27.3
2011,9,22,26.0
2011,9,23,28.5
2011,9,24,28.9
2011,9,25,28.8
2011,9,26,26.8
2011,9,27,28.0
2011,9,28,27.6
2011,9,29,28.6
2011,9,30,27.4
2011,10,1,28.0
2011,10,2,26.9
2011,10,3,28.7
2011,10,4,25.5
2011,10,5,27.7
2011,10,6,27.4
2011,10,7,27.1
2011,10,8,27.7
2011,10,9,27.3
2011,10,10,27.2
2011,10,11,25.7
2011,10,12,26.1
2011,10,13,28.2
2011,10,14,28.3
2011,10,15,28.6
2011,10,16,28.5
2011,10,17,28.2
2011,10,18,27.6
2011,10,19,26.8
2011,10,20,26.8
2011,10,21,26.2
2011,10,22,27.1
2011,10,23,27.7
2011,10,24,27.9
2011,10,25,28.0
2011,10,26,27.5
2011,10,27,25.6
2011,10,28,26.6
2011,10,29,27.9
2011,10,30,28.6
2011,10,31,27.0
2011,11,1,27.1
2011,11,2,26.7
2011,11,3,26.9
2011,11,4,26.4
2011,11,5,27.4
2011,11,6,27.2
2011,11,7,28.5
2011,11,8,27.5
2011,11,9,28.7
2011,11,10,28.5
2011,11,11,28.2
2011,11,12,25.9
2011,11,13,26.1
2011,11,14,26.6
2011,11,15,27.6
2011,11,16,27.3
2011,11,17,28.0
2011,11,18,26.8
2011,11,19,28.0
2011,11,20,27.6
2011,11,21,27.2
2011,11,22,27.8
2011,11,23,26.4
2011,11,24,26.8
2011,11,25,27.5
2011,11,26,27.8
2011,11,27,27.3
2011,11,28,26.9
2011,11,29,26.9
2011,11,30,26.9
2011,12,1,27.2
2011,12,2,25.8
2011,12,3,26.2
2011,12,4,26.8
2011,12,5,27.1
2011,12,6,28.0
2011,12,7,27.7
2011,12,8,27.9
2011,12,9,27.7
2011,12,10,27.9
2011,12,11,
2011,12,12,
2011,12,13,27.6
2011,12,14,27.4
2011,12,15,27.2
2011,12,16,27.3
2011,12,17,26.3
2011,12,18,25.9
2011,12,19,24.8
2011,12,20,26.1
2011,12,21,27.4
2011,12,22,26.1
2011,12,23,25.8
2011,12,24,26.2
2011,12,25,26.0
2011,12,26,27.0
2011,12,27,27.0
2011,12,28,26.2
2011,12,29,26.2
2011,12,30,27.1
2011,12,31,27.5
2012,1,1,27.5
2012,1,2,27.7
2012,1,3,27.6
2012,1,4,27.6
2012,1,5,27.3
2012,1,6,27.8
2012,1,7,27.4
2012,1,8,25.4
2012,1,9,25.7
2012,1,10,25.5
2012,1,11,26.7
2012,1,12,26.5
2012,1,13,27.1
2012,1,14,27.2
2012,1,15,27.4
2012,1,16,28.0
2012,1,17,28.0
2012,1,18,26.8
2012,1,19,27.8
2012,1,20,26.6
2012,1,21,26.6
2012,1,22,26.8
2012,1,23,25.8
2012,1,24,26.9
2012,1,25,27.7
2012,1,26,27.5
2012,1,27,27.0
2012,1,28,26.7
2012,1,29,27.4
2012,1,30,27.5
2012,1,31,25.9
2012,2,1,27.4
2012,2,2,25.9
2012,2,3,25.8
2012,2,4,26.7
2012,2,5,27.3
2012,2,6,27.4
2012,2,7,27.2
2012,2,8,28.0
2012,2,9,27.7
2012,2,10,27.7
2012,2,11,28.3
2012,2,12,27.8
2012,2,13,27.1
2012,2,14,27.6
2012,2,15,27.4
2012,2,16,27.8
2012,2,17,27.5
2012,2,18,25.8
2012,2,19,26.3
2012,2,20,26.9
2012,2,21,26.5
2012,2,22,27.8
2012,2,23,27.8
2012,2,24,28.1
2012,2,25,28.1
2012,2,26,27.8
2012,2,27,27.4
2012,2,28,28.2
2012,2,29,27.5
2012,3,1,26.5
2012,3,2,25.6
2012,3,3,26.9
2012,3,4,28.0
2012,3,5,25.9
2012,3,6,28.2
2012,3,7,27.4
2012,3,8,27.4
2012,3,9,27.0
2012,3,10,27.6
2012,3,11,27.0
2012,3,12,26.2
2012,3,13,26.4
2012,3,14,24.7
2012,3,15,27.0
2012,3,16,28.7
2012,3,17,28.1
2012,3,18,26.8
2012,3,19,27.5
2012,3,20,28.2
2012,3,21,28.2
2012,3,22,28.1
2012,3,23,28.3
2012,3,24,28.4
2012,3,25,26.9
2012,3,26,28.2
2012,3,27,27.2
2012,3,28,27.2
2012,3,29,28.0
2012,3,30,27.7
2012,3,31,26.2
2012,4,1,28.7
2012,4,2,27.0
2012,4,3,27.7
2012,4,4,27.4
2012,4,5,28.2
2012,4,6,26.6
2012,4,7,27.0
2012,4,8,27.5
2012,4,9,27.8
2012,4,10,27.1
2012,4,11,27.0
2012,4,12,27.6
2012,4,13,28.9
2012,4,14,27.5
2012,4,15,27.7
2012,4,16,28.1
2012,4,17,27.3
2012,4,18,28.7
2012,4,19,27.4
2012,4,20,28.6
2012,4,21,27.1
2012,4,22,28.4
2012,4,23,28.8
2012,4,24,26.5
2012,4,25,28.4
2012,4,26,28.5
2012,4,27,28.7
2012,4,28,28.7
2012,4,29,29.3
2012,4,30,27.9
2012,5,1,28.6
2012,5,2,27.8
2012,5,3,28.8
2012,5,4,29.1
2012,5,5,27.1
2012,5,6,27.2
2012,5,7,26.6
2012,5,8,28.7
2012,5,9,27.7
2012,5,10,28.6
2012,5,11,28.9
2012,5,12,29.6
2012,5,13,27.7
2012,5,14,29.8
2012,5,15,29.3
2012,5,16,27.9
2012,5,17,27.2
2012,5,18,29.2
2012,5,19,29.5
2012,5,20,28.9
2012,5,21,28.4
2012,5,22,29.8
2012,5,23,27.9
2012,5,24,29.4
2012,5,25,28.1
2012,5,26,28.6
2012,5,27,27.3
2012,5,28,28.9
2012,5,29,28.2
2012,5,30,28.7
2012,5,31,28.5
2012,6,1,27.5
2012,6,2,28.5
2012,6,3,28.6
2012,6,4,29.0
2012,6,5,29.2
2012,6,6,29.0
2012,6,7,30.0
2012,6,8,28.4
2012,6,9,26.5
2012,6,10,28.9
2012,6,11,28.8
2012,6,12,28.5
2012,6,13,29.4
2012,6,14,29.7
2012,6,15,29.5
2012,6,16,29.5
2012,6,17,29.4
2012,6,18,29.3
2012,6,19,28.8
2012,6,20,29.1
2012,6,21,27.5
2012,6,22,28.9
2012,6,23,29.4
2012,6,24,29.4
2012,6,25,28.7
2012,6,26,28.8
2012,6,27,28.0
2012,6,28,28.3
2012,6,29,28.9
2012,6,30,27.8
2012,7,1,28.3
2012,7,2,28.0
2012,7,3,26.8
2012,7,4,27.6
2012,7,5,26.4
2012,7,6,27.9
2012,7,7,27.3
2012,7,8,27.6
2012,7,9,28.0
2012,7,10,27.0
2012,7,11,27.5
2012,7,12,28.0
2012,7,13,28.2
2012,7,14,26.2
2012,7,15,27.1
2012,7,16,26.8
2012,7,17,26.8
2012,7,18,27.1
2012,7,19,27.0
2012,7,20,27.6
2012,7,21,28.4
2012,7,22,28.6
2012,7,23,28.8
2012,7,24,28.7
2012,7,25,28.5
2012,7,26,29.1
2012,7,27,28.8
2012,7,28,27.2
2012,7,29,28.0
2012,7,30,28.6
2012,7,31,28.5
2012,8,1,27.8
2012,8,2,28.5
2012,8,3,27.9
2012,8,4,26.4
2012,8,5,27.8
2012,8,6,27.5
2012,8,7,27.9
2012,8,8,28.6
2012,8,9,28.2
2012,8,10,28.6
2012,8,11,28.6
2012,8,12,28.5
2012,8,13,28.5
2012,8,14,28.7
2012,8,15,28.4
2012,8,16,28.4
2012,8,17,26.8
2012,8,18,28.1
2012,8,19,28.3
2012,8,20,28.3
2012,8,21,27.7
2012,8,22,27.4
2012,8,23,26.8
2012,8,24,28.4
2012,8,25,28.2
2012,8,26,27.5
2012,8,27,26.2
2012,8,28,26.3
2012,8,29,27.6
2012,8,30,26.6
2012,8,31,26.4
2012,9,1,28.7
2012,9,2,28.8
2012,9,3,28.7
2012,9,4,28.7
2012,9,5,26.1
2012,9,6,27.1
2012,9,7,27.3
2012,9,8,27.9
2012,9,9,26.5
2012,9,10,26.9
2012,9,11,27.5
2012,9,12,27.9
2012,9,13,28.0
2012,9,14,28.2
2012,9,15,28.6
2012,9,16,28.4
2012,9,17,28.3
2012,9,18,28.9
2012,9,19,28.8
2012,9,20,28.5
2012,9,21,27.5
2012,9,22,27.6
2012,9,23,28.3
2012,9,24,28.3
2012,9,25,27.9
2012,9,26,26.7
2012,9,27,28.0
2012,9,28,27.7
2012,9,29,28.7
2012,9,30,28.6
2012,10,1,28.8
2012,10,2,27.7
2012,10,3,29.0
2012,10,4,28.7
2012,10,5,27.2
2012,10,6,28.0
2012,10,7,27.5
2012,10,8,28.6
2012,10,9,28.2
2012,10,10,28.7
2012,10,11,28.5
2012,10,12,28.6
2012,10,13,27.4
2012,10,14,28.2
2012,10,15,28.3
2012,10,16,27.7
2012,10,17,27.1
2012,10,18,26.4
2012,10,19,27.0
2012,10,20,26.7
2012,10,21,26.0
2012,10,22,27.8
2012,10,23,28.5
2012,10,24,29.2
2012,10,25,29.3
2012,10,26,29.4
2012,10,27,28.6
2012,10,28,29.1
2012,10,29,28.7
2012,10,30,28.2
2012,10,31,26.6
2012,11,1,27.2
2012,11,2,28.3
2012,11,3,26.0
2012,11,4,26.6
2012,11,5,26.7
2012,11,6,27.1
2012,11,7,28.2
2012,11,8,27.7
2012,11,9,27.1
2012,11,10,27.2
2012,11,11,28.4
2012,11,12,27.1
2012,11,13,26.3
2012,11,14,26.6
2012,11,15,27.0
2012,11,16,28.5
2012,11,17,27.1
2012,11,18,27.7
2012,11,19,27.2
2012,11,20,28.1
2012,11,21,28.1
2012,11,22,26.7
2012,11,23,27.3
2012,11,24,27.9
2012,11,25,27.1
2012,11,26,27.8
2012,11,27,27.6
2012,11,28,27.9
2012,11,29,26.9
2012,11,30,28.2
2012,12,1,28.1
2012,12,2,27.6
2012,12,3,26.3
2012,12,4,26.7
2012,12,5,27.0
2012,12,6,27.0
2012,12,7,28.6
2012,12,8,28.3
2012,12,9,27.3
2012,12,10,27.0
2012,12,11,26.6
2012,12,12,26.3
2012,12,13,25.7
2012,12,14,27.4
2012,12,15,27.1
2012,12,16,25.8
2012,12,17,26.1
2012,12,18,25.3
2012,12,19,26.1
2012,12,20,27.6
2012,12,21,27.5
2012,12,22,27.2
2012,12,23,27.5
2012,12,24,27.0
2012,12,25,25.6
2012,12,26,26.8
2012,12,27,27.6
2012,12,28,27.2
2012,12,29,27.1
2012,12,30,27.8
2012,12,31,25.6
2013,1,1,27.1
2013,1,2,26.7
2013,1,3,27.4
2013,1,4,27.1
2013,1,5,28.1
2013,1,6,28.6
2013,1,7,29.7
2013,1,8,27.7
2013,1,9,27.1
2013,1,10,27.3
2013,1,11,27.3
2013,1,12,27.2
2013,1,13,27.0
2013,1,14,27.3
2013,1,15,27.5
2013,1,16,27.4
2013,1,17,27.8
2013,1,18,27.2
2013,1,19,23.8
2013,1,20,24.7
2013,1,21,27.1
2013,1,22,26.4
2013,1,23,27.6
2013,1,24,27.5
2013,1,25,27.6
2013,1,26,27.8
2013,1,27,27.7
2013,1,28,27.7
2013,1,29,27.7
2013,1,30,27.9
2013,1,31,27.9
2013,2,1,28.1
2013,2,2,28.7
2013,2,3,26.4
2013,2,4,27.0
2013,2,5,26.2
2013,2,6,25.4
2013,2,7,26.3
2013,2,8,25.6
2013,2,9,26.3
2013,2,10,24.9
2013,2,11,26.0
2013,2,12,26.3
2013,2,13,27.1
2013,2,14,25.0
2013,2,15,25.5
2013,2,16,25.9
2013,2,17,25.5
2013,2,18,26.9
2013,2,19,26.3
2013,2,20,27.2
2013,2,21,26.6
2013,2,22,27.9
2013,2,23,28.4
2013,2,24,28.3
2013,2,25,27.2
2013,2,26,26.8
2013,2,27,27.4
2013,2,28,28.1
2013,3,1,28.5
2013,3,2,28.1
2013,3,3,28.4
2013,3,4,28.4
2013,3,5,27.7
2013,3,6,28.0
2013,3,7,28.2
2013,3,8,28.4
2013,3,9,27.5
2013,3,10,27.6
2013,3,11,27.8
2013,3,12,27.7
2013,3,13,27.7
2013,3,14,27.4
2013,3,15,28.5
2013,3,16,28.4
2013,3,17,27.6
2013,3,18,28.3
2013,3,19,28.4
2013,3,20,28.6
2013,3,21,28.8
2013,3,22,28.7
2013,3,23,28.6
2013,3,24,29.0
2013,3,25,28.7
2013,3,26,27.9
2013,3,27,29.2
2013,3,28,28.6
2013,3,29,28.5
2013,3,30,29.2
2013,3,31,29.0
2013,4,1,29.2
2013,4,2,28.9
2013,4,3,28.6
2013,4,4,28.0
2013,4,5,28.8
2013,4,6,27.7
2013,4,7,28.2
2013,4,8,28.1
2013,4,9,27.3
2013,4,10,28.6
2013,4,11,27.9
2013,4,12,28.9
2013,4,13,29.6
2013,4,14,26.6
2013,4,15,29.0
2013,4,16,29.5
2013,4,17,28.3
2013,4,18,29.9
2013,4,19,27.2
2013,4,20,29.3
2013,4,21,27.0
2013,4,22,28.4
2013,4,23,28.4
2013,4,24,28.4
2013,4,25,28.8
2013,4,26,27.1
2013,4,27,28.5
2013,4,28,26.6
2013,4,29,28.0
2013,4,30,29.1
2013,5,1,28.4
2013,5,2,28.6
2013,5,3,28.5
2013,5,4,28.8
2013,5,5,28.4
2013,5,6,28.8
2013,5,7,27.6
2013,5,8,27.7
2013,5,9,27.7
2013,5,10,28.2
2013,5,11,28.4
2013,5,12,29.6
2013,5,13,30.0
2013,5,14,29.6
2013,5,15,29.5
2013,5,16,27.4
2013,5,17,30.0
2013,5,18,27.9
2013,5,19,29.5
2013,5,20,28.9
2013,5,21,29.0
2013,5,22,28.5
2013,5,23,29.1
2013,5,24,27.6
2013,5,25,29.0
2013,5,26,27.9
2013,5,27,28.8
2013,5,28,28.9
2013,5,29,27.3
2013,5,30,27.4
2013,5,31,27.6
2013,6,1,28.1
2013,6,2,28.8
2013,6,3,28.4
2013,6,4,28.0
2013,6,5,27.6
2013,6,6,28.5
2013,6,7,28.5
2013,6,8,28.7
2013,6,9,27.7
2013,6,10,28.6
2013,6,11,29.4
2013,6,12,30.0
2013,6,13,30.0
2013,6,14,30.0
2013,6,15,30.0
2013,6,16,29.8
2013,6,17,29.6
2013,6,18,30.5
2013,6,19,30.6
2013,6,20,30.4
2013,6,21,30.1
2013,6,22,30.3
2013,6,23,29.9
2013,6,24,30.1
2013,6,25,29.5
2013,6,26,28.1
2013,6,27,29.2
2013,6,28,29.1
2013,6,29,29.2
2013,6,30,27.8
2013,7,1,28.9
2013,7,2,27.8
2013,7,3,28.2
2013,7,4,27.6
2013,7,5,27.2
2013,7,6,29.0
2013,7,7,29.0
2013,7,8,28.2
2013,7,9,26.3
2013,7,10,28.0
2013,7,11,27.7
2013,7,12,28.0
2013,7,13,27.8
2013,7,14,26.6
2013,7,15,27.0
2013,7,16,28.2
2013,7,17,27.2
2013,7,18,27.0
2013,7,19,28.0
2013,7,20,28.4
2013,7,21,28.5
2013,7,22,28.6
2013,7,23,29.3
2013,7,24,29.5
2013,7,25,28.3
2013,7,26,28.3
2013,7,27,26.1
2013,7,28,28.3
2013,7,29,27.2
2013,7,30,28.3
2013,7,31,28.2
2013,8,1,27.1
2013,8,2,27.2
2013,8,3,28.8
2013,8,4,28.0
2013,8,5,26.5
2013,8,6,28.2
2013,8,7,27.7
2013,8,8,27.2
2013,8,9,27.6
2013,8,10,27.2
2013,8,11,26.6
2013,8,12,27.2
2013,8,13,26.2
2013,8,14,27.5
2013,8,15,28.6
2013,8,16,27.9
2013,8,17,28.1
2013,8,18,27.8
2013,8,19,28.4
2013,8,20,27.8
2013,8,21,28.0
2013,8,22,28.7
2013,8,23,28.8
2013,8,24,29.0
2013,8,25,28.9
2013,8,26,27.6
2013,8,27,28.4
2013,8,28,28.0
2013,8,29,28.1
2013,8,30,27.7
2013,8,31,28.5
2013,9,1,27.3
2013,9,2,27.4
2013,9,3,28.2
2013,9,4,26.4
2013,9,5,25.7
2013,9,6,26.2
2013,9,7,25.8
2013,9,8,26.6
2013,9,9,27.0
2013,9,10,26.2
2013,9,11,27.6
2013,9,12,28.5
2013,9,13,27.7
2013,9,14,28.3
2013,9,15,26.0
2013,9,16,28.1
2013,9,17,27.2
2013,9,18,28.2
2013,9,19,28.6
2013,9,20,29.0
2013,9,21,29.0
2013,9,22,29.0
2013,9,23,28.9
2013,9,24,29.2
2013,9,25,28.4
2013,9,26,26.6
2013,9,27,27.9
2013,9,28,28.6
2013,9,29,27.4
2013,9,30,27.3
2013,10,1,28.7
2013,10,2,26.8
2013,10,3,28.1
2013,10,4,28.0
2013,10,5,27.5
2013,10,6,27.8
2013,10,7,28.0
2013,10,8,29.0
2013,10,9,28.1
2013,10,10,28.0
2013,10,11,26.9
2013,10,12,27.4
2013,10,13,28.6
2013,10,14,28.1
2013,10,15,27.3
2013,10,16,29.0
2013,10,17,29.2
2013,10,18,28.5
2013,10,19,27.3
2013,10,20,27.4
2013,10,21,26.8
2013,10,22,27.1
2013,10,23,28.3
2013,10,24,28.0
2013,10,25,28.5
2013,10,26,28.2
2013,10,27,27.9
2013,10,28,26.9
2013,10,29,27.0
2013,10,30,26.9
2013,10,31,26.9
2013,11,1,27.3
2013,11,2,27.5
2013,11,3,27.8
2013,11,4,27.1
2013,11,5,27.4
2013,11,6,27.0
2013,11,7,28.4
2013,11,8,28.3
2013,11,9,27.8
2013,11,10,27.3
2013,11,11,27.6
2013,11,12,25.8
2013,11,13,27.8
2013,11,14,26.5
2013,11,15,26.8
2013,11,16,26.9
2013,11,17,26.5
2013,11,18,27.0
2013,11,19,27.1
2013,11,20,27.4
2013,11,21,28.3
2013,11,22,28.2
2013,11,23,27.1
2013,11,24,27.9
2013,11,25,27.0
2013,11,26,26.9
2013,11,27,28.4
2013,11,28,27.3
2013,11,29,27.4
2013,11,30,26.5
2013,12,1,26.5
2013,12,2,25.0
2013,12,3,26.0
2013,12,4,25.8
2013,12,5,27.3
2013,12,6,25.6
2013,12,7,27.0
2013,12,8,25.5
2013,12,9,27.0
2013,12,10,27.6
2013,12,11,27.2
2013,12,12,26.9
2013,12,13,27.9
2013,12,14,27.6
2013,12,15,27.5
2013,12,16,28.6
2013,12,17,28.3
2013,12,18,26.8
2013,12,19,26.5
2013,12,20,25.6
2013,12,21,26.7
2013,12,22,27.1
2013,12,23,26.0
2013,12,24,27.4
2013,12,25,27.4
2013,12,26,26.6
2013,12,27,26.9
2013,12,28,26.8
2013,12,29,26.5
2013,12,30,26.8
2013,12,31,26.3
2014,1,1,27.0
2014,1,2,27.7
2014,1,3,27.1
2014,1,4,26.4
2014,1,5,25.1
2014,1,6,25.3
2014,1,7,26.6
2014,1,8,27.7
2014,1,9,26.4
2014,1,10,27.1
2014,1,11,26.9
2014,1,12,26.6
2014,1,13,27.1
2014,1,14,26.9
2014,1,15,26.1
2014,1,16,26.3
2014,1,17,26.4
2014,1,18,26.3
2014,1,19,26.3
2014,1,20,26.2
2014,1,21,26.2
2014,1,22,25.8
2014,1,23,26.0
2014,1,24,25.9
2014,1,25,26.1
2014,1,26,26.0
2014,1,27,26.1
2014,1,28,26.7
2014,1,29,26.9
2014,1,30,26.3
2014,1,31,26.7
2014,2,1,26.6
2014,2,2,26.3
2014,2,3,26.4
2014,2,4,26.6
2014,2,5,26.3
2014,2,6,26.5
2014,2,7,26.7
2014,2,8,26.8
2014,2,9,27.3
2014,2,10,27.5
2014,2,11,27.7
2014,2,12,27.7
2014,2,13,28.0
2014,2,14,27.8
2014,2,15,27.9
2014,2,16,27.7
2014,2,17,27.7
2014,2,18,27.8
2014,2,19,27.5
2014,2,20,27.8
2014,2,21,27.7
2014,2,22,28.2
2014,2,23,27.5
2014,2,24,27.3
2014,2,25,27.4
2014,2,26,27.6
2014,2,27,28.1
2014,2,28,27.8
2014,3,1,27.6
2014,3,2,27.7
2014,3,3,27.5
2014,3,4,27.7
2014,3,5,27.5
2014,3,6,27.3
2014,3,7,27.9
2014,3,8,27.9
2014,3,9,27.8
2014,3,10,27.9
2014,3,11,28.4
2014,3,12,28.2
2014,3,13,28.1
2014,3,14,28.6
2014,3,15,28.4
2014,3,16,26.4
2014,3,17,26.6
2014,3,18,26.9
2014,3,19,27.5
2014,3,20,27.1
2014,3,21,27.5
2014,3,22,27.8
2014,3,23,28.1
2014,3,24,28.1
2014,3,25,28.7
2014,3,26,28.4
2014,3,27,28.5
2014,3,28,28.3
2014,3,29,28.5
2014,3,30,28.4
2014,3,31,28.6
2014,4,1,28.3
2014,4,2,28.7
2014,4,3,28.8
2014,4,4,28.5
2014,4,5,26.1
2014,4,6,28.7
2014,4,7,28.5
2014,4,8,27.8
2014,4,9,28.3
2014,4,10,27.8
2014,4,11,28.1
2014,4,12,27.3
2014,4,13,28.3
2014,4,14,28.1
2014,4,15,28.5
2014,4,16,28.6
2014,4,17,28.7
2014,4,18,28.2
2014,4,19,28.8
2014,4,20,28.1
2014,4,21,26.6
2014,4,22,28.2
2014,4,23,28.6
2014,4,24,28.8
2014,4,25,28.7
2014,4,26,29.1
2014,4,27,28.6
2014,4,28,28.6
2014,4,29,28.7
2014,4,30,28.8
2014,5,1,28.3
2014,5,2,29.3
2014,5,3,29.4
2014,5,4,29.4
2014,5,5,29.5
2014,5,6,29.6
2014,5,7,28.6
2014,5,8,28.2
2014,5,9,29.2
2014,5,10,29.8
2014,5,11,29.4
2014,5,12,28.3
2014,5,13,29.5
2014,5,14,28.0
2014,5,15,29.2
2014,5,16,28.4
2014,5,17,28.5
2014,5,18,27.0
2014,5,19,27.3
2014,5,20,27.7
2014,5,21,28.4
2014,5,22,29.1
2014,5,23,27.1
2014,5,24,28.2
2014,5,25,29.4
2014,5,26,28.7
2014,5,27,28.0
2014,5,28,28.7
2014,5,29,29.1
2014,5,30,27.7
2014,5,31,28.8
2014,6,1,28.2
2014,6,2,28.6
2014,6,3,29.0
2014,6,4,27.9
2014,6,5,27.2
2014,6,6,27.6
2014,6,7,28.4
2014,6,8,29.6
2014,6,9,29.4
2014,6,10,29.7
2014,6,11,29.8
2014,6,12,28.9
2014,6,13,29.5
2014,6,14,27.3
2014,6,15,29.1
2014,6,16,29.9
2014,6,17,30.2
2014,6,18,28.4
2014,6,19,28.8
2014,6,20,30.1
2014,6,21,30.1
2014,6,22,29.5
2014,6,23,29.6
2014,6,24,29.2
2014,6,25,28.1
2014,6,26,29.1
2014,6,27,27.4
2014,6,28,28.5
2014,6,29,28.5
2014,6,30,27.0
2014,7,1,28.4
2014,7,2,28.9
2014,7,3,28.5
2014,7,4,28.3
2014,7,5,27.7
2014,7,6,28.6
2014,7,7,28.4
2014,7,8,27.7
2014,7,9,27.2
2014,7,10,28.7
2014,7,11,28.6
2014,7,12,27.4
2014,7,13,28.8
2014,7,14,29.8
2014,7,15,29.4
2014,7,16,29.3
2014,7,17,27.7
2014,7,18,29.0
2014,7,19,28.7
2014,7,20,29.4
2014,7,21,29.4
2014,7,22,29.4
2014,7,23,29.4
2014,7,24,29.3
2014,7,25,29.6
2014,7,26,29.8
2014,7,27,28.1
2014,7,28,28.8
2014,7,29,27.8
2014,7,30,27.5
2014,7,31,27.4
2014,8,1,28.7
2014,8,2,28.8
2014,8,3,28.4
2014,8,4,28.8
2014,8,5,26.3
2014,8,6,27.1
2014,8,7,27.1
2014,8,8,27.7
2014,8,9,28.6
2014,8,10,28.0
2014,8,11,27.5
2014,8,12,26.9
2014,8,13,26.4
2014,8,14,26.8
2014,8,15,26.5
2014,8,16,28.2
2014,8,17,28.6
2014,8,18,28.5
2014,8,19,27.7
2014,8,20,27.7
2014,8,21,27.6
2014,8,22,28.1
2014,8,23,28.0
2014,8,24,27.5
2014,8,25,26.8
2014,8,26,26.6
2014,8,27,26.7
2014,8,28,26.6
2014,8,29,27.1
2014,8,30,27.9
2014,8,31,28.1
2014,9,1,29.0
2014,9,2,28.4
2014,9,3,26.6
2014,9,4,28.0
2014,9,5,27.6
2014,9,6,27.4
2014,9,7,28.3
2014,9,8,28.8
2014,9,9,28.6
2014,9,10,28.7
2014,9,11,27.3
2014,9,12,28.3
2014,9,13,28.9
2014,9,14,28.6
2014,9,15,28.9
2014,9,16,29.1
2014,9,17,28.6
2014,9,18,28.7
2014,9,19,28.9
2014,9,20,27.0
2014,9,21,27.6
2014,9,22,28.9
2014,9,23,29.0
2014,9,24,28.4
2014,9,25,26.4
2014,9,26,28.6
2014,9,27,28.8
2014,9,28,28.8
2014,9,29,28.8
2014,9,30,29.0
2014,10,1,28.8
2014,10,2,28.7
2014,10,3,29.0
2014,10,4,27.3
2014,10,5,27.2
2014,10,6,28.3
2014,10,7,29.0
2014,10,8,28.9
2014,10,9,28.9
2014,10,10,29.1
2014,10,11,28.7
2014,10,12,28.8
2014,10,13,29.2
2014,10,14,28.6
2014,10,15,28.8
2014,10,16,28.8
2014,10,17,29.0
2014,10,18,27.7
2014,10,19,27.9
2014,10,20,28.8
2014,10,21,27.5
2014,10,22,26.4
2014,10,23,28.4
2014,10,24,29.2
2014,10,25,29.2
2014,10,26,29.2
2014,10,27,28.0
2014,10,28,28.6
2014,10,29,29.5
2014,10,30,29.5
2014,10,31,28.6
2014,11,1,28.4
2014,11,2,29.3
2014,11,3,29.6
2014,11,4,29.8
2014,11,5,28.1
2014,11,6,26.7
2014,11,7,26.9
2014,11,8,27.4
2014,11,9,27.4
2014,11,10,27.3
2014,11,11,26.4
2014,11,12,27.6
2014,11,13,28.1
2014,11,14,27.9
2014,11,15,27.7
2014,11,16,26.5
2014,11,17,26.7
2014,11,18,25.5
2014,11,19,27.9
2014,11,20,27.4
2014,11,21,27.7
2014,11,22,28.4
2014,11,23,27.4
2014,11,24,26.9
2014,11,25,27.7
2014,11,26,27.4
2014,11,27,27.6
2014,11,28,28.4
2014,11,29,26.6
2014,11,30,27.9
2014,12,1,26.7
2014,12,2,28.2
2014,12,3,29.3
2014,12,4,26.3
2014,12,5,28.1
2014,12,6,27.6
2014,12,7,26.9
2014,12,8,27.0
2014,12,9,28.3
2014,12,10,28.8
2014,12,11,27.3
2014,12,12,28.1
2014,12,13,27.3
2014,12,14,27.8
2014,12,15,28.3
2014,12,16,27.1
2014,12,17,26.2
2014,12,18,27.4
2014,12,19,25.1
2014,12,20,27.0
2014,12,21,26.8
2014,12,22,27.1
2014,12,23,26.4
2014,12,24,26.7
2014,12,25,27.2
2014,12,26,25.5
2014,12,27,25.7
2014,12,28,26.4
2014,12,29,25.8
2014,12,30,25.7
2014,12,31,26.8
2015,1,1,26.1
2015,1,2,27.1
2015,1,3,27.6
2015,1,4,28.0
2015,1,5,28.1
2015,1,6,27.0
2015,1,7,26.7
2015,1,8,25.8
2015,1,9,25.3
2015,1,10,26.8
2015,1,11,26.8
2015,1,12,27.8
2015,1,13,27.8
2015,1,14,27.8
2015,1,15,27.7
2015,1,16,27.5
2015,1,17,27.4
2015,1,18,27.2
2015,1,19,27.0
2015,1,20,27.1
2015,1,21,26.4
2015,1,22,27.2
2015,1,23,26.8
2015,1,24,26.9
2015,1,25,27.1
2015,1,26,27.2
2015,1,27,27.6
2015,1,28,26.9
2015,1,29,27.1
2015,1,30,27.2
2015,1,31,27.5
2015,2,1,26.8
2015,2,2,26.1
2015,2,3,26.6
2015,2,4,25.9
2015,2,5,27.2
2015,2,6,26.1
2015,2,7,26.8
2015,2,8,27.0
2015,2,9,27.0
2015,2,10,
2015,2,11,
2015,2,12,
2015,2,13,
2015,2,14,26.8
2015,2,15,26.8
2015,2,16,27.8
2015,2,17,27.5
2015,2,18,27.8
2015,2,19,26.7
2015,2,20,27.2
2015,2,21,27.1
2015,2,22,27.4
2015,2,23,27.6
2015,2,24,27.3
2015,2,25,27.1
2015,2,26,27.4
2015,2,27,28.0
2015,2,28,28.5
2015,3,1,28.6
2015,3,2,26.8
2015,3,3,27.9
2015,3,4,28.0
2015,3,5,27.7
2015,3,6,27.6
2015,3,7,28.2
2015,3,8,28.1
2015,3,9,27.0
2015,3,10,28.1
2015,3,11,26.2
2015,3,12,27.8
2015,3,13,28.0
2015,3,14,27.4
2015,3,15,27.4
2015,3,16,28.0
2015,3,17,28.0
2015,3,18,28.0
2015,3,19,27.8
2015,3,20,28.3
2015,3,21,28.4
2015,3,22,27.3
2015,3,23,28.1
2015,3,24,28.4
2015,3,25,28.8
2015,3,26,28.9
2015,3,27,29.0
2015,3,28,28.1
2015,3,29,26.8
2015,3,30,28.2
2015,3,31,28.6
2015,4,1,27.9
2015,4,2,27.0
2015,4,3,27.3
2015,4,4,28.9
2015,4,5,28.4
2015,4,6,28.7
2015,4,7,28.8
2015,4,8,29.1
2015,4,9,29.0
2015,4,10,28.8
2015,4,11,28.8
2015,4,12,28.7
2015,4,13,29.0
2015,4,14,29.1
2015,4,15,29.0
2015,4,16,29.5
2015,4,17,29.5
2015,4,18,29.4
2015,4,19,28.1
2015,4,20,29.2
2015,4,21,28.8
2015,4,22,28.0
2015,4,23,27.2
2015,4,24,27.1
2015,4,25,27.2
2015,4,26,27.4
2015,4,27,27.4
2015,4,28,27.4
2015,4,29,28.3
2015,4,30,27.6
2015,5,1,28.3
2015,5,2,28.0
2015,5,3,27.0
2015,5,4,28.6
2015,5,5,29.1
2015,5,6,28.6
2015,5,7,28.9
2015,5,8,28.5
2015,5,9,28.8
2015,5,10,29.0
2015,5,11,29.6
2015,5,12,28.9
2015,5,13,29.2
2015,5,14,29.2
2015,5,15,27.4
2015,5,16,28.3
2015,5,17,29.2
2015,5,18,28.9
2015,5,19,29.3
2015,5,20,28.5
2015,5,21,29.4
2015,5,22,28.6
2015,5,23,26.7
2015,5,24,28.5
2015,5,25,28.6
2015,5,26,28.8
2015,5,27,28.5
2015,5,28,29.2
2015,5,29,29.5
2015,5,30,29.6
2015,5,31,29.5
2015,6,1,29.5
2015,6,2,29.3
2015,6,3,28.8
2015,6,4,29.0
2015,6,5,28.9
2015,6,6,28.8
2015,6,7,28.3
2015,6,8,27.9
2015,6,9,27.5
2015,6,10,28.9
2015,6,11,28.5
2015,6,12,26.8
2015,6,13,27.8
2015,6,14,26.7
2015,6,15,27.9
2015,6,16,27.4
2015,6,17,28.1
2015,6,18,29.2
2015,6,19,29.1
2015,6,20,29.5
2015,6,21,29.5
2015,6,22,29.6
2015,6,23,29.6
2015,6,24,29.4
2015,6,25,29.4
2015,6,26,29.4
2015,6,27,29.5
2015,6,28,29.5
2015,6,29,29.6
2015,6,30,29.3
2015,7,1,28.3
2015,7,2,28.9
2015,7,3,29.2
2015,7,4,27.3
2015,7,5,29.1
2015,7,6,29.2
2015,7,7,29.1
2015,7,8,28.5
2015,7,9,29.0
2015,7,10,28.4
2015,7,11,29.1
2015,7,12,29.1
2015,7,13,29.0
2015,7,14,28.3
2015,7,15,29.0
2015,7,16,29.0
2015,7,17,29.2
2015,7,18,29.4
2015,7,19,29.5
2015,7,20,29.0
2015,7,21,29.5
2015,7,22,29.5
2015,7,23,28.7
2015,7,24,28.9
2015,7,25,29.3
2015,7,26,27.7
2015,7,27,28.0
2015,7,28,27.7
2015,7,29,28.8
2015,7,30,28.3
2015,7,31,27.2
2015,8,1,26.7
2015,8,2,28.6
2015,8,3,26.3
2015,8,4,26.7
2015,8,5,28.5
2015,8,6,26.8
2015,8,7,27.1
2015,8,8,27.7
2015,8,9,27.2
2015,8,10,28.3
2015,8,11,28.5
2015,8,12,26.3
2015,8,13,27.7
2015,8,14,28.7
2015,8,15,28.5
2015,8,16,28.2
2015,8,17,28.0
2015,8,18,28.7
2015,8,19,28.7
2015,8,20,28.7
2015,8,21,28.3
2015,8,22,28.8
2015,8,23,28.8
2015,8,24,28.6
2015,8,25,28.2
2015,8,26,28.4
2015,8,27,28.8
2015,8,28,28.6
2015,8,29,29.1
2015,8,30,29.0
2015,8,31,28.7
2015,9,1,29.0
2015,9,2,29.0
2015,9,3,28.6
2015,9,4,28.1
2015,9,5,28.7
2015,9,6,28.7
2015,9,7,28.5
2015,9,8,28.8
2015,9,9,27.2
2015,9,10,27.7
2015,9,11,28.8
2015,9,12,28.5
2015,9,13,28.8
2015,9,14,28.3
2015,9,15,26.7
2015,9,16,27.2
2015,9,17,28.5
2015,9,18,28.8
2015,9,19,28.8
2015,9,20,29.2
2015,9,21,28.7
2015,9,22,28.5
2015,9,23,28.8
2015,9,24,28.5
2015,9,25,28.4
2015,9,26,28.8
2015,9,27,28.7
2015,9,28,27.4
2015,9,29,28.0
2015,9,30,28.5
2015,10,1,28.5
2015,10,2,27.5
2015,10,3,28.2
2015,10,4,28.7
2015,10,5,28.6
2015,10,6,28.2
2015,10,7,28.3
2015,10,8,28.6
2015,10,9,29.0
2015,10,10,28.9
2015,10,11,29.1
2015,10,12,29.0
2015,10,13,28.9
2015,10,14,29.1
2015,10,15,29.4
2015,10,16,29.0
2015,10,17,29.1
2015,10,18,29.1
2015,10,19,29.2
2015,10,20,29.1
2015,10,21,29.1
2015,10,22,29.0
2015,10,23,29.2
2015,10,24,28.8
2015,10,25,29.0
2015,10,26,29.0
2015,10,27,28.8
2015,10,28,27.0
2015,10,29,28.6
2015,10,30,27.7
2015,10,31,27.6
2015,11,1,28.2
2015,11,2,28.1
2015,11,3,28.8
2015,11,4,28.7
2015,11,5,28.9
2015,11,6,28.9
2015,11,7,27.6
2015,11,8,27.9
2015,11,9,27.8
2015,11,10,29.1
2015,11,11,27.8
2015,11,12,28.2
2015,11,13,28.9
2015,11,14,29.2
2015,11,15,28.6
2015,11,16,26.3
2015,11,17,27.3
2015,11,18,
2015,11,19,
2015,11,20,27.0
2015,11,21,27.6
2015,11,22,27.7
2015,11,23,29.0
2015,11,24,27.5
2015,11,25,27.6
2015,11,26,26.6
2015,11,27,27.8
2015,11,28,28.8
2015,11,29,28.7
2015,11,30,27.9
2015,12,1,26.7
2015,12,2,26.8
2015,12,3,28.7
2015,12,4,28.8
2015,12,5,28.1
2015,12,6,27.6
2015,12,7,28.9
2015,12,8,28.4
2015,12,9,28.1
2015,12,10,28.3
2015,12,11,27.0
2015,12,12,27.0
2015,12,13,25.7
2015,12,14,27.8
2015,12,15,27.6
2015,12,16,28.1
2015,12,17,28.2
2015,12,18,27.7
2015,12,19,28.6
2015,12,20,28.9
2015,12,21,29.0
2015,12,22,29.1
2015,12,23,28.4
2015,12,24,26.9
2015,12,25,28.2
2015,12,26,28.9
2015,12,27,28.7
2015,12,28,28.1
2015,12,29,27.1
2015,12,30,28.8
2015,12,31,26.9
2016,1,1,27.1
2016,1,2,25.9
2016,1,3,26.4
2016,1,4,27.4
2016,1,5,28.9
2016,1,6,28.9
2016,1,7,29.3
2016,1,8,29.1
2016,1,9,29.2
2016,1,10,29.2
2016,1,11,28.1
2016,1,12,29.1
2016,1,13,29.3
2016,1,14,28.9
2016,1,15,27.6
2016,1,16,28.1
2016,1,17,28.6
2016,1,18,27.9
2016,1,19,28.6
2016,1,20,28.0
2016,1,21,
2016,1,22,
2016,1,23,
2016,1,24,
2016,1,25,
2016,1,26,
2016,1,27,
2016,1,28,
2016,1,29,
2016,1,30,
2016,1,31,
2016,2,1,
2016,2,2,
2016,2,3,
2016,2,4,
2016,2,5,
2016,2,6,
2016,2,7,
2016,2,8,
2016,2,9,
2016,2,10,
2016,2,11,
2016,2,12,
2016,2,13,
2016,2,14,
2016,2,15,
2016,2,16,
2016,2,17,
2016,2,18,
2016,2,19,
2016,2,20,
2016,2,21,
2016,2,22,
2016,2,23,
2016,2,24,
2016,2,25,
2016,2,26,
2016,2,27,
2016,2,28,
2016,2,29,
2016,3,1,
2016,3,2,
2016,3,3,29.0
2016,3,4,28.7
2016,3,5,28.7
2016,3,6,29.4
2016,3,7,28.6
2016,3,8,27.8
2016,3,9,28.7
2016,3,10,28.6
2016,3,11,29.0
2016,3,12,29.5
2016,3,13,27.8
2016,3,14,28.9
2016,3,15,29.1
2016,3,16,28.4
2016,3,17,29.0
2016,3,18,28.4
2016,3,19,28.6
2016,3,20,29.0
2016,3,21,29.1
2016,3,22,29.1
2016,3,23,29.4
2016,3,24,29.1
2016,3,25,29.0
2016,3,26,29.7
2016,3,27,30.0
2016,3,28,29.9
2016,3,29,29.7
2016,3,30,29.5
2016,3,31,29.5
2016,4,1,
2016,4,2,29.6
2016,4,3,
2016,4,4,
2016,4,5,29.0
2016,4,6,29.2
2016,4,7,29.2
2016,4,8,29.5
2016,4,9,28.4
2016,4,10,29.3
2016,4,11,
2016,4,12,
2016,4,13,
2016,4,14,
2016,4,15,
2016,4,16,
2016,4,17,29.5
2016,4,18,29.4
2016,4,19,30.6
2016,4,20,28.7
2016,4,21,30.2
2016,4,22,28.6
2016,4,23,29.1
2016,4,24,29.3
2016,4,25,29.3
2016,4,26,29.1
2016,4,27,29.3
2016,4,28,29.9
2016,4,29,28.9
2016,4,30,28.7
2016,5,1,29.7
2016,5,2,29.6
2016,5,3,30.1
2016,5,4,30.2
2016,5,5,29.8
2016,5,6,29.5
2016,5,7,29.5
2016,5,8,29.4
2016,5,9,29.9
2016,5,10,30.2
2016,5,11,29.1
2016,5,12,29.3
2016,5,13,28.9
2016,5,14,27.7
2016,5,15,28.8
2016,5,16,29.0
2016,5,17,29.2
2016,5,18,28.7
2016,5,19,28.7
2016,5,20,29.9
2016,5,21,28.7
2016,5,22,28.2
2016,5,23,30.1
2016,5,24,29.6
2016,5,25,29.9
2016,5,26,28.4
2016,5,27,29.9
2016,5,28,29.1
2016,5,29,29.5
2016,5,30,28.0
2016,5,31,29.4
2016,6,1,28.2
2016,6,2,28.2
2016,6,3,29.0
2016,6,4,26.9
2016,6,5,28.6
2016,6,6,29.8
2016,6,7,30.0
2016,6,8,28.3
2016,6,9,29.3
2016,6,10,28.7
2016,6,11,28.2
2016,6,12,28.9
2016,6,13,29.0
2016,6,14,28.8
2016,6,15,28.5
2016,6,16,28.2
2016,6,17,26.5
2016,6,18,27.7
2016,6,19,27.6
2016,6,20,28.7
2016,6,21,29.1
2016,6,22,27.2
2016,6,23,29.4
2016,6,24,26.7
2016,6,25,29.1
2016,6,26,29.0
2016,6,27,28.8
2016,6,28,29.3
2016,6,29,30.0
2016,6,30,30.0
2016,7,1,30.0
2016,7,2,29.9
2016,7,3,30.0
2016,7,4,30.0
2016,7,5,30.0
2016,7,6,28.7
2016,7,7,29.5
2016,7,8,28.6
2016,7,9,29.7
2016,7,10,29.7
2016,7,11,27.9
2016,7,12,29.6
2016,7,13,27.5
2016,7,14,27.1
2016,7,15,27.3
2016,7,16,28.7
2016,7,17,27.7
2016,7,18,28.2
2016,7,19,27.9
2016,7,20,27.2
2016,7,21,27.5
2016,7,22,26.2
2016,7,23,27.1
2016,7,24,26.8
2016,7,25,27.4
2016,7,26,26.4
2016,7,27,28.5
2016,7,28,28.0
2016,7,29,28.5
2016,7,30,28.8
2016,7,31,28.4
2016,8,1,27.8
2016,8,2,28.8
2016,8,3,27.3
2016,8,4,28.2
2016,8,5,29.3
2016,8,6,28.9
2016,8,7,29.3
2016,8,8,29.3
2016,8,9,28.9
2016,8,10,29.4
2016,8,11,28.9
2016,8,12,28.8
2016,8,13,29.1
2016,8,14,28.6
2016,8,15,29.0
2016,8,16,29.5
2016,8,17,29.6
2016,8,18,30.0
2016,8,19,28.1
2016,8,20,29.2
2016,8,21,27.2
2016,8,22,29.2
2016,8,23,29.2
2016,8,24,27.7
2016,8,25,28.9
2016,8,26,29.3
2016,8,27,28.8
2016,8,28,29.2
2016,8,29,29.7
2016,8,30,27.3
2016,8,31,28.0
2016,9,1,26.8
2016,9,2,28.2
2016,9,3,29.0
2016,9,4,29.0
2016,9,5,28.4
2016,9,6,28.8
2016,9,7,27.4
2016,9,8,29.1
2016,9,9,27.9
2016,9,10,27.0
2016,9,11,28.6
2016,9,12,27.6
2016,9,13,29.1
2016,9,14,26.6
2016,9,15,28.9
2016,9,16,27.9
2016,9,17,28.9
2016,9,18,28.7
2016,9,19,28.2
2016,9,20,28.3
2016,9,21,28.7
2016,9,22,28.7
2016,9,23,29.2
2016,9,24,28.8
2016,9,25,28.7
2016,9,26,29.1
2016,9,27,28.8
2016,9,28,29.8
2016,9,29,29.7
2016,9,30,28.7
2016,10,1,28.1
2016,10,2,29.2
2016,10,3,27.9
2016,10,4,29.2
2016,10,5,29.2
2016,10,6,27.8
2016,10,7,26.1
2016,10,8,28.5
2016,10,9,28.4
2016,10,10,29.8
2016,10,11,30.5
2016,10,12,30.0
2016,10,13,29.7
2016,10,14,28.4
2016,10,15,29.5
2016,10,16,28.6
2016,10,17,29.0
2016,10,18,29.4
2016,10,19,27.6
2016,10,20,28.9
2016,10,21,28.8
2016,10,22,28.6
2016,10,23,28.4
2016,10,24,27.6
2016,10,25,26.6
2016,10,26,27.4
2016,10,27,26.5
2016,10,28,27.7
2016,10,29,27.2
2016,10,30,27.5
2016,10,31,28.7
2016,11,1,27.4
2016,11,2,27.3
2016,11,3,28.0
2016,11,4,28.1
2016,11,5,26.5
2016,11,6,28.5
2016,11,7,26.8
2016,11,8,28.7
2016,11,9,27.9
2016,11,10,27.8
2016,11,11,27.3
2016,11,12,28.0
2016,11,13,27.3
2016,11,14,25.5
2016,11,15,27.5
2016,11,16,26.6
2016,11,17,28.0
2016,11,18,28.1
2016,11,19,28.3
2016,11,20,28.8
2016,11,21,28.4
2016,11,22,27.4
2016,11,23,27.5
2016,11,24,28.3
2016,11,25,
2016,11,26,
2016,11,27,
2016,11,28,
2016,11,29,
2016,11,30,
2017,1,1,26.8
2017,1,2,26.6
2017,1,3,26.8
2017,1,4,27.5
2017,1,5,28.3
2017,1,6,28.7
2017,1,7,29.4
2017,1,8,29.2
2017,1,9,29.0
2017,1,10,28.8
2017,1,11,28.7
2017,1,12,28.5
2017,1,13,28.5
2017,1,14,28.1
2017,1,15,28.6
2017,1,16,28.5
2017,1,17,
2017,1,18,
2017,1,19,27.5
2017,1,20,
2017,1,21,
2017,1,22,
2017,1,23,
2017,1,24,
2017,1,25,
2017,1,26,
2017,1,27,
2017,1,28,
2017,1,29,
2017,1,30,
2017,1,31,
2017,2,1,
2017,2,2,
2017,2,3,
2017,2,4,
2017,2,5,
2017,2,6,
2017,2,7,
2017,2,8,
2017,2,9,
2017,2,10,
2017,2,11,
2017,2,12,
2017,2,13,
2017,2,14,
2017,2,15,
2017,2,16,
2017,2,17,
2017,2,18,
2017,2,19,
2017,2,20,
2017,2,21,
2017,2,22,
2017,2,23,
2017,2,24,
2017,2,25,
2017,2,26,
2017,2,27,
2017,2,28,
2017,3,1,
2017,3,2,
2017,3,3,
2017,3,4,
2017,3,5,
2017,3,6,
2017,3,7,
2017,3,8,
2017,3,9,
2017,3,10,
2017,3,11,
2017,3,12,
2017,3,13,
2017,3,14,
2017,3,15,
2017,3,16,
2017,3,17,
2017,3,18,
2017,3,19,
2017,3,20,
2017,3,21,
2017,3,22,
2017,3,23,
2017,3,24,
2017,3,25,
2017,3,26,
2017,3,27,
2017,3,28,
2017,3,29,
2017,3,30,
2017,3,31,
2017,4,1,
2017,4,2,
2017,4,3,
2017,4,4,
2017,4,5,29.2
2017,4,6,29.5
2017,4,7,28.4
2017,4,8,27.4
2017,4,9,28.3
2017,4,10,27.5
2017,4,11,29.0
2017,4,12,28.1
2017,4,13,27.1
2017,4,14,27.6
2017,4,15,27.1
2017,4,16,28.4
2017,4,17,29.0
2017,4,18,26.9
2017,4,19,28.0
2017,4,20,28.5
2017,4,21,27.9
2017,4,22,28.7
2017,4,23,28.9
2017,4,24,28.2
2017,4,25,26.9
2017,4,26,27.1
2017,4,27,27.4
2017,4,28,27.5
2017,4,29,27.4
2017,4,30,28.6
2017,5,1,28.9
2017,5,2,27.8
2017,5,3,28.8
2017,5,4,28.7
2017,5,5,29.0
2017,5,6,28.0
2017,5,7,28.3
2017,5,8,28.5
2017,5,9,29.4
2017,5,10,27.8
2017,5,11,27.9
2017,5,12,27.6
2017,5,13,28.7
2017,5,14,29.2
2017,5,15,28.0
2017,5,16,28.4
2017,5,17,29.8
2017,5,18,28.9
2017,5,19,28.9
2017,5,20,29.5
2017,5,21,28.1
2017,5,22,28.2
2017,5,23,29.3
2017,5,24,26.4
2017,5,25,28.1
2017,5,26,27.2
2017,5,27,
2017,5,28,
2017,5,29,
2017,5,30,26.9
2017,5,31,
2017,6,1,
2017,6,2,
2017,6,3,
2017,6,4,29.8
2017,6,5,
2017,6,6,29.6
2017,6,7,29.7
2017,6,8,29.5
2017,6,9,29.6
2017,6,10,
2017,6,11,
2017,6,12,
2017,6,13,
2017,6,14,27.7
2017,6,15,
2017,6,16,
2017,6,17,
2017,6,18,
2017,6,19,28.1
2017,6,20,
2017,6,21,28.6
2017,6,22,28.8
2017,6,23,27.1
2017,6,24,28.6
2017,6,25,27.0
2017,6,26,28.2
2017,6,27,26.4
2017,6,28,
2017,6,29,
2017,6,30,
2017,7,1,
2017,7,2,
2017,7,3,
2017,7,4,
2017,7,5,27.4
2017,7,6,27.7
2017,7,7,28.4
2017,7,8,27.9
2017,7,9,27.3
2017,7,10,28.5
2017,7,11,27.8
2017,7,12,26.2
2017,7,13,27.4
2017,7,14,25.9
2017,7,15,27.3
2017,7,16,28.4
2017,7,17,28.7
2017,7,18,28.3
2017,7,19,28.3
2017,7,20,28.4
2017,7,21,28.9
2017,7,22,29.1
2017,7,23,29.1
2017,7,24,29.0
2017,7,25,29.1
2017,7,26,28.1
2017,7,27,28.9
2017,7,28,29.3
2017,7,29,29.1
2017,7,30,29.1
2017,7,31,29.1
2017,8,1,29.1
2017,8,2,29.2
2017,8,3,29.0
2017,8,4,29.0
2017,8,5,29.3
2017,8,6,28.4
2017,8,7,28.0
2017,8,8,27.3
2017,8,9,27.4
2017,8,10,28.2
2017,8,11,26.8
2017,8,12,26.6
2017,8,13,27.1
2017,8,14,28.2
2017,8,15,27.2
2017,8,16,28.0
2017,8,17,26.9
2017,8,18,27.9
2017,8,19,28.1
2017,8,20,28.1
2017,8,21,28.6
2017,8,22,27.3
2017,8,23,28.8
2017,8,24,28.6
2017,8,25,28.0
2017,8,26,28.4
2017,8,27,27.4
2017,8,28,28.0
2017,8,29,26.6
2017,8,30,27.9
2017,8,31,28.6
2017,9,1,28.5
2017,9,2,29.0
2017,9,3,28.7
2017,9,4,28.5
2017,9,5,28.6
2017,9,6,27.0
2017,9,7,28.0
2017,9,8,27.7
2017,9,9,27.8
2017,9,10,28.2
2017,9,11,27.0
2017,9,12,29.1
2017,9,13,29.2
2017,9,14,28.3
2017,9,15,27.6
2017,9,16,27.4
2017,9,17,28.2
2017,9,18,26.9
2017,9,19,26.9
2017,9,20,27.0
2017,9,21,26.8
2017,9,22,28.8
2017,9,23,28.6
2017,9,24,27.6
2017,9,25,28.9
2017,9,26,27.7
2017,9,27,27.7
2017,9,28,28.4
2017,9,29,27.7
2017,9,30,28.0
2017,10,1,27.4
2017,10,2,28.2
2017,10,3,27.9
2017,10,4,26.2
2017,10,5,27.6
2017,10,6,28.9
2017,10,7,28.0
2017,10,8,27.7
2017,10,9,28.2
2017,10,10,27.7
2017,10,11,28.0
2017,10,12,27.0
2017,10,13,27.3
2017,10,14,29.1
2017,10,15,29.4
2017,10,16,28.6
2017,10,17,29.5
2017,10,18,29.9
2017,10,19,29.8
2017,10,20,29.9
2017,10,21,29.6
2017,10,22,28.5
2017,10,23,28.6
2017,10,24,28.2
2017,10,25,28.7
2017,10,26,28.4
2017,10,27,28.1
2017,10,28,29.4
2017,10,29,28.0
2017,10,30,26.6
2017,10,31,26.6
2017,11,1,
2017,11,2,
2017,11,3,
2017,11,4,
2017,11,5,
2017,11,6,
2017,11,7,
2017,11,8,
2017,11,9,27.4
2017,11,10,26.6
2017,11,11,26.8
2017,11,12,27.9
2017,11,13,28.2
2017,11,14,26.1
2017,11,15,27.9
2017,11,16,28.8
2017,11,17,27.2
2017,11,18,28.0
2017,11,19,28.5
2017,11,20,27.8
2017,11,21,26.4
2017,11,22,27.3
2017,11,23,26.9
2017,11,24,26.6
2017,11,25,27.4
2017,11,26,27.1
2017,11,27,
2017,11,28,
2017,11,29,
2017,11,30,
2017,12,1,29.4
2017,12,2,29.4
2017,12,3,29.3
2017,12,4,28.5
2017,12,5,29.1
2017,12,6,28.8
2017,12,7,28.0
2017,12,8,27.9
2017,12,9,26.8
2017,12,10,28.2
2017,12,11,27.8
2017,12,12,26.3
2017,12,13,27.2
2017,12,14,28.2
2017,12,15,27.8
2017,12,16,27.6
2017,12,17,28.2
2017,12,18,28.3
2017,12,19,27.3
2017,12,20,27.8
2017,12,21,
2017,12,22,
2017,12,23,
2017,12,24,27.1
2017,12,25,27.3
2017,12,26,27.6
2017,12,27,27.2
2017,12,28,27.9
2017,12,29,28.5
2017,12,30,27.1
2017,12,31,
2018,1,1,
2018,1,2,
2018,1,3,
2018,1,4,26.9
2018,1,5,26.5
2018,1,6,27.3
2018,1,7,27.4
2018,1,8,27.5
2018,1,9,27.0
2018,1,10,
2018,1,11,
2018,1,12,23.2
2018,1,13,23.0
2018,1,14,23.8
2018,1,15,25.3
2018,1,16,26.8
2018,1,17,27.4
2018,1,18,27.5
2018,1,19,27.0
2018,1,20,27.0
2018,1,21,28.0
2018,1,22,28.6
2018,1,23,27.3
2018,1,24,26.3
2018,1,25,26.9
2018,1,26,26.6
2018,1,27,27.6
2018,1,28,27.2
2018,1,29,28.0
2018,1,30,28.1
2018,1,31,27.7
2018,2,1,28.7
2018,2,2,26.5
2018,2,3,27.8
2018,2,4,27.3
2018,2,5,27.5
2018,2,6,27.2
2018,2,7,26.7
2018,2,8,27.1
2018,2,9,27.3
2018,2,10,27.5
2018,2,11,27.6
2018,2,12,27.9
2018,2,13,28.0
2018,2,14,27.7
2018,2,15,27.9
2018,2,16,27.7
2018,2,17,27.6
2018,2,18,28.0
2018,2,19,27.9
2018,2,20,27.9
2018,2,21,28.3
2018,2,22,28.3
2018,2,23,26.5
2018,2,24,26.7
2018,2,25,27.9
2018,2,26,28.3
2018,2,27,28.2
2018,2,28,28.2
2018,3,1,28.5
2018,3,2,27.9
2018,3,3,28.1
2018,3,4,27.5
2018,3,5,28.9
2018,3,6,28.4
2018,3,7,26.8
2018,3,8,27.3
2018,3,9,29.0
2018,3,10,27.6
2018,3,11,28.4
2018,3,12,28.0
2018,3,13,28.8
2018,3,14,28.5
2018,3,15,28.6
2018,3,16,28.4
2018,3,17,28.7
2018,3,18,28.9
2018,3,19,28.5
2018,3,20,28.3
2018,3,21,28.4
2018,3,22,29.3
2018,3,23,29.0
2018,3,24,28.1
2018,3,25,27.7
2018,3,26,27.6
2018,3,27,25.7
2018,3,28,27.5
2018,3,29,27.3
2018,3,30,27.5
2018,3,31,28.9
2018,4,1,27.7
2018,4,2,28.8
2018,4,3,28.5
2018,4,4,28.3
2018,4,5,28.5
2018,4,6,28.8
2018,4,7,27.9
2018,4,8,28.8
2018,4,9,29.5
2018,4,10,28.7
2018,4,11,29.1
2018,4,12,29.3
2018,4,13,29.3
2018,4,14,28.0
2018,4,15,27.6
2018,4,16,27.0
2018,4,17,27.7
2018,4,18,28.9
2018,4,19,27.7
2018,4,20,27.5
2018,4,21,27.7
2018,4,22,28.7
2018,4,23,28.1
2018,4,24,28.7
2018,4,25,30.4
2018,4,26,29.2
2018,4,27,27.0
2018,4,28,28.6
2018,4,29,29.6
2018,4,30,29.2
2018,5,1,27.2
2018,5,2,28.2
2018,5,3,28.5
2018,5,4,29.5
2018,5,5,29.0
2018,5,6,29.3
2018,5,7,29.7
2018,5,8,29.7
2018,5,9,29.9
2018,5,10,29.2
2018,5,11,29.6
2018,5,12,29.7
2018,5,13,28.6
2018,5,14,28.6
2018,5,15,28.8
2018,5,16,28.0
2018,5,17,29.1
2018,5,18,28.8
2018,5,19,28.3
2018,5,20,27.0
2018,5,21,28.4
2018,5,22,28.8
2018,5,23,27.8
2018,5,24,28.6
2018,5,25,29.2
2018,5,26,27.8
2018,5,27,27.5
2018,5,28,27.7
2018,5,29,28.2
2018,5,30,28.0
2018,5,31,27.7
2018,6,1,28.2
2018,6,2,27.4
2018,6,3,
2018,6,4,
2018,6,5,29.9
2018,6,6,30.1
2018,6,7,30.1
2018,6,8,28.9
2018,6,9,29.4
2018,6,10,29.6
2018,6,11,30.0
2018,6,12,29.6
2018,6,13,28.6
2018,6,14,28.8
2018,6,15,26.9
2018,6,16,29.3
2018,6,17,29.6
2018,6,18,28.4
2018,6,19,27.8
2018,6,20,27.4
2018,6,21,28.6
2018,6,22,28.7
2018,6,23,27.9
2018,6,24,26.7
2018,6,25,26.5
2018,6,26,27.0
2018,6,27,26.1
2018,6,28,27.9
2018,6,29,26.3
2018,6,30,28.0
2018,7,1,26.9
2018,7,2,27.5
2018,7,3,27.6
2018,7,4,28.4
2018,7,5,28.7
2018,7,6,28.7
2018,7,7,28.7
2018,7,8,28.6
2018,7,9,28.5
2018,7,10,26.8
2018,7,11,28.2
2018,7,12,29.0
2018,7,13,28.9
2018,7,14,28.8
2018,7,15,27.3
2018,7,16,28.8
2018,7,17,28.9
2018,7,18,29.0
2018,7,19,28.3
2018,7,20,28.8
2018,7,21,28.1
2018,7,22,29.0
2018,7,23,29.4
2018,7,24,29.4
2018,7,25,27.5
2018,7,26,28.5
2018,7,27,29.2
2018,7,28,29.4
2018,7,29,29.0
2018,7,30,26.9
2018,7,31,27.5
2018,8,1,26.3
2018,8,2,27.8
2018,8,3,28.7
2018,8,4,28.3
2018,8,5,28.2
2018,8,6,28.4
2018,8,7,28.0
2018,8,8,27.4
2018,8,9,28.6
2018,8,10,29.2
2018,8,11,28.8
2018,8,12,29.2
2018,8,13,29.5
2018,8,14,29.5
2018,8,15,29.4
2018,8,16,29.2
2018,8,17,28.2
2018,8,18,29.0
2018,8,19,29.2
2018,8,20,29.3
2018,8,21,29.2
2018,8,22,27.5
2018,8,23,28.8
2018,8,24,27.4
2018,8,25,27.7
2018,8,26,29.0
2018,8,27,29.1
2018,8,28,28.3
2018,8,29,28.0
2018,8,30,28.6
2018,8,31,27.8
2018,9,1,28.0
2018,9,2,27.0
2018,9,3,27.7
2018,9,4,26.3
2018,9,5,27.5
2018,9,6,28.5
2018,9,7,26.9
2018,9,8,26.8
2018,9,9,27.5
2018,9,10,27.2
2018,9,11,26.4
2018,9,12,
2018,9,13,
2018,9,14,29.0
2018,9,15,28.5
2018,9,16,28.4
2018,9,17,28.8
2018,9,18,28.1
2018,9,19,27.1
2018,9,20,26.8
2018,9,21,26.5
2018,9,22,27.4
2018,9,23,28.7
2018,9,24,29.3
2018,9,25,29.3
2018,9,26,28.7
2018,9,27,29.1
2018,9,28,29.3
2018,9,29,29.1
2018,9,30,29.1
2018,10,1,29.2
2018,10,2,29.3
2018,10,3,29.4
2018,10,4,29.3
2018,10,5,29.7
2018,10,6,28.4
2018,10,7,28.3
2018,10,8,27.9
2018,10,9,26.7
2018,10,10,26.5
2018,10,11,27.1
2018,10,12,27.0
2018,10,13,26.4
2018,10,14,25.5
2018,10,15,28.3
2018,10,16,27.9
2018,10,17,28.2
2018,10,18,27.0
2018,10,19,28.3
2018,10,20,29.2
2018,10,21,29.1
2018,10,22,29.0
2018,10,23,27.9
2018,10,24,28.5
2018,10,25,28.2
2018,10,26,28.9
2018,10,27,27.6
2018,10,28,28.1
2018,10,29,27.9
2018,10,30,27.5
2018,10,31,27.6
2018,11,1,26.6
2018,11,2,27.3
2018,11,3,27.7
2018,11,4,27.6
2018,11,5,27.8
2018,11,6,27.9
2018,11,7,28.1
2018,11,8,28.6
2018,11,9,27.1
2018,11,10,
2018,11,11,
2018,11,12,
2018,11,13,
2018,11,14,27.5
2018,11,15,26.3
2018,11,16,28.3
2018,11,17,27.7
2018,11,18,26.7
2018,11,19,27.2
2018,11,20,28.4
2018,11,21,26.6
2018,11,22,26.9
2018,11,23,27.4
2018,11,24,28.6
2018,11,25,28.0
2018,11,26,28.2
2018,11,27,27.0
2018,11,28,28.0
2018,11,29,28.6
2018,11,30,27.8
2018,12,1,27.1
2018,12,2,27.2
2018,12,3,26.8
2018,12,4,28.2
2018,12,5,27.7
2018,12,6,27.8
2018,12,7,27.9
2018,12,8,27.8
2018,12,9,28.2
2018,12,10,27.6
2018,12,11,26.8
2018,12,12,26.8
2018,12,13,27.0
2018,12,14,27.6
2018,12,15,27.4
2018,12,16,26.9
2018,12,17,27.3
2018,12,18,28.7
2018,12,19,29.0
2018,12,20,28.7
2018,12,21,28.7
2018,12,22,28.2
2018,12,23,28.1
2018,12,24,29.0
2018,12,25,29.3
2018,12,26,28.9
2018,12,27,28.4
2018,12,28,29.6
2018,12,29,28.6
2018,12,30,
2018,12,31,
2019,1,1,28.2
2019,1,2,29.0
2019,1,3,29.2
2019,1,4,29.5
2019,1,5,29.0
2019,1,6,29.3
2019,1,7,29.3
2019,1,8,28.3
2019,1,9,29.0
2019,1,10,29.2
2019,1,11,29.1
2019,1,12,28.8
2019,1,13,28.1
2019,1,14,28.5
2019,1,15,27.9
2019,1,16,28.5
2019,1,17,26.9
2019,1,18,26.0
2019,1,19,27.9
2019,1,20,28.6
2019,1,21,28.3
2019,1,22,28.2
2019,1,23,28.6
2019,1,24,28.3
2019,1,25,27.8
2019,1,26,27.9
2019,1,27,28.1
2019,1,28,27.4
2019,1,29,28.6
2019,1,30,28.7
2019,1,31,28.3
2019,2,1,29.1
2019,2,2,28.7
2019,2,3,28.9
2019,2,4,28.1
2019,2,5,27.9
2019,2,6,28.6
2019,2,7,28.1
2019,2,8,28.4
2019,2,9,28.6
2019,2,10,28.9
2019,2,11,28.6
2019,2,12,29.3
2019,2,13,29.0
2019,2,14,29.2
2019,2,15,28.5
2019,2,16,28.6
2019,2,17,27.9
2019,2,18,26.7
2019,2,19,28.2
2019,2,20,28.8
2019,2,21,29.2
2019,2,22,28.9
2019,2,23,28.5
2019,2,24,28.5
2019,2,25,28.8
2019,2,26,28.7
2019,2,27,28.8
2019,2,28,28.8
2019,3,1,29.0
2019,3,2,28.6
2019,3,3,28.1
2019,3,4,28.0
2019,3,5,28.8
2019,3,6,29.2
2019,3,7,28.8
2019,3,8,28.9
2019,3,9,28.9
2019,3,10,28.6
2019,3,11,27.9
2019,3,12,28.9
2019,3,13,29.4
2019,3,14,29.4
2019,3,15,28.8
2019,3,16,28.6
2019,3,17,29.1
2019,3,18,29.7
2019,3,19,28.9
2019,3,20,29.5
2019,3,21,28.2
2019,3,22,28.7
2019,3,23,29.0
2019,3,24,29.5
2019,3,25,29.2
2019,3,26,29.9
2019,3,27,30.2
2019,3,28,28.6
2019,3,29,29.5
2019,3,30,27.4
2019,3,31,28.6
2019,4,1,26.8
2019,4,2,28.4
2019,4,3,27.3
2019,4,4,29.0
2019,4,5,28.6
2019,4,6,28.4
2019,4,7,28.8
2019,4,8,29.2
2019,4,9,29.4
2019,4,10,29.2
2019,4,11,28.3
2019,4,12,28.9
2019,4,13,29.0
2019,4,14,28.7
2019,4,15,29.3
2019,4,16,30.0
2019,4,17,29.7
2019,4,18,29.9
2019,4,19,29.8
2019,4,20,28.2
2019,4,21,29.6
2019,4,22,28.4
2019,4,23,27.8
2019,4,24,28.0
2019,4,25,29.3
2019,4,26,26.6
2019,4,27,27.9
2019,4,28,28.7
2019,4,29,29.4
2019,4,30,28.6
2019,5,1,29.6
2019,5,2,30.1
2019,5,3,30.3
2019,5,4,29.5
2019,5,5,28.9
2019,5,6,30.4
2019,5,7,30.4
2019,5,8,27.2
2019,5,9,30.3
2019,5,10,29.4
2019,5,11,28.7
2019,5,12,29.7
2019,5,13,29.2
2019,5,14,29.6
2019,5,15,29.7
2019,5,16,29.0
2019,5,17,27.8
2019,5,18,29.0
2019,5,19,27.6
2019,5,20,28.7
2019,5,21,28.5
2019,5,22,27.9
2019,5,23,29.1
2019,5,24,30.0
2019,5,25,29.0
2019,5,26,29.4
2019,5,27,29.4
2019,5,28,29.4
2019,5,29,29.3
2019,5,30,28.2
2019,5,31,28.7
2019,6,1,28.3
2019,6,2,28.8
2019,6,3,27.2
2019,6,4,28.1
2019,6,5,29.1
2019,6,6,27.1
2019,6,7,26.4
2019,6,8,27.4
2019,6,9,28.5
2019,6,10,29.5
2019,6,11,29.7
2019,6,12,26.9
2019,6,13,28.4
2019,6,14,29.1
2019,6,15,28.6
2019,6,16,29.4
2019,6,17,28.8
2019,6,18,27.3
2019,6,19,27.8
2019,6,20,28.9
2019,6,21,28.5
2019,6,22,27.3
2019,6,23,
2019,6,24,
2019,6,25,
2019,6,26,27.7
2019,6,27,29.0
2019,6,28,29.4
2019,6,29,28.9
2019,6,30,28.5
2019,7,1,29.4
2019,7,2,29.4
2019,7,3,29.1
2019,7,4,29.2
2019,7,5,29.2
2019,7,6,29.1
2019,7,7,28.5
2019,7,8,27.7
2019,7,9,27.5
2019,7,10,28.8
2019,7,11,29.2
2019,7,12,29.1
2019,7,13,29.3
2019,7,14,29.4
2019,7,15,27.1
2019,7,16,28.6
2019,7,17,28.8
2019,7,18,28.9
2019,7,19,29.0
2019,7,20,28.9
2019,7,21,28.3
2019,7,22,28.2
2019,7,23,27.3
2019,7,24,28.0
2019,7,25,28.7
2019,7,26,29.0
2019,7,27,28.9
2019,7,28,28.9
2019,7,29,29.4
2019,7,30,29.1
2019,7,31,29.1
2019,8,1,29.0
2019,8,2,29.0
2019,8,3,29.2
2019,8,4,28.9
2019,8,5,28.8
2019,8,6,28.7
2019,8,7,29.0
2019,8,8,28.8
2019,8,9,28.8
2019,8,10,28.9
2019,8,11,29.2
2019,8,12,29.4
2019,8,13,29.4
2019,8,14,29.3
2019,8,15,29.0
2019,8,16,29.4
2019,8,17,28.8
2019,8,18,29.0
2019,8,19,29.1
2019,8,20,28.7
2019,8,21,29.2
2019,8,22,29.3
2019,8,23,29.1
2019,8,24,29.1
2019,8,25,28.9
2019,8,26,28.6
2019,8,27,27.0
2019,8,28,27.0
2019,8,29,28.8
2019,8,30,28.4
2019,8,31,28.8
2019,9,1,29.1
2019,9,2,29.3
2019,9,3,29.3
2019,9,4,28.5
2019,9,5,29.2
2019,9,6,29.2
2019,9,7,29.1
2019,9,8,29.1
2019,9,9,29.1
2019,9,10,29.0
2019,9,11,29.0
2019,9,12,28.8
2019,9,13,28.9
2019,9,14,28.2
2019,9,15,28.5
2019,9,16,28.6
2019,9,17,28.9
2019,9,18,28.9
2019,9,19,28.9
2019,9,20,28.6
2019,9,21,28.9
2019,9,22,29.0
2019,9,23,28.3
2019,9,24,29.1
2019,9,25,26.5
2019,9,26,28.1
2019,9,27,28.9
2019,9,28,28.7
2019,9,29,28.2
2019,9,30,27.2
2019,10,1,27.7
2019,10,2,27.0
2019,10,3,27.6
2019,10,4,28.1
2019,10,5,27.9
2019,10,6,28.5
2019,10,7,27.5
2019,10,8,28.1
2019,10,9,28.6
2019,10,10,29.3
2019,10,11,29.2
2019,10,12,29.2
2019,10,13,29.0
2019,10,14,29.3
2019,10,15,29.3
2019,10,16,29.4
2019,10,17,28.8
2019,10,18,28.3
2019,10,19,28.9
2019,10,20,28.6
2019,10,21,28.6
2019,10,22,26.6
2019,10,23,27.3
2019,10,24,28.7
2019,10,25,28.9
2019,10,26,27.6
2019,10,27,27.7
2019,10,28,27.6
2019,10,29,29.1
2019,10,30,28.8
2019,10,31,28.8
2019,11,1,28.4
2019,11,2,29.3
2019,11,3,28.0
2019,11,4,29.3
2019,11,5,28.7
2019,11,6,29.4
2019,11,7,30.1
2019,11,8,28.2
2019,11,9,29.3
2019,11,10,29.2
2019,11,11,28.9
2019,11,12,28.8
2019,11,13,
2019,11,14,
2019,11,15,
2019,11,16,29.0
2019,11,17,29.4
2019,11,18,29.1
2019,11,19,27.8
2019,11,20,26.7
2019,11,21,27.3
2019,11,22,27.6
2019,11,23,27.2
2019,11,24,27.0
2019,11,25,27.8
2019,11,26,29.0
2019,11,27,28.3
2019,11,28,28.8
2019,11,29,27.0
2019,11,30,28.3
